PUT 43931 10 4 2020 61 1 0 37172386
PUT 43930 9 4 2020 56 3 0 37172386
PUT 43929 8 4 2020 30 4 0 37172386
PUT 43928 7 4 2020 38 0 0 37172386
PUT 43927 6 4 2020 29 2 0 37172386
PUT 43926 5 4 2020 35 1 0 37172386
PUT 43925 4 4 2020 0 0 0 37172386
PUT 43924 3 4 2020 43 0 0 37172386
PUT 43923 2 4 2020 26 0 0 37172386
PUT 43922 1 4 2020 25 0 0 37172386
PUT 43921 31 3 2020 27 0 0 37172386
PUT 43920 30 3 2020 8 1 0 37172386
PUT 43919 29 3 2020 15 1 0 37172386
PUT 43918 28 3 2020 16 1 0 37172386
PUT 43917 27 3 2020 0 0 0 37172386
PUT 43916 26 3 2020 33 0 0 37172386
PUT 43915 25 3 2020 2 0 0 37172386
PUT 43914 24 3 2020 6 1 0 37172386
PUT 43913 23 3 2020 10 0 0 37172386
PUT 43912 22 3 2020 0 0 0 37172386
PUT 43911 21 3 2020 2 0 0 37172386
PUT 43910 20 3 2020 0 0 0 37172386
PUT 43909 19 3 2020 0 0 0 37172386
PUT 43908 18 3 2020 1 0 0 37172386
PUT 43907 17 3 2020 5 0 0 37172386
PUT 43906 16 3 2020 6 0 0 37172386
PUT 43905 15 3 2020 3 0 0 37172386
PUT 43901 11 3 2020 3 0 0 37172386
PUT 43898 8 3 2020 3 0 0 37172386
PUT 43892 2 3 2020 0 0 0 37172386
PUT 43891 1 3 2020 0 0 0 37172386
PUT 43890 29 2 2020 0 0 0 37172386
PUT 43889 28 2 2020 0 0 0 37172386
PUT 43888 27 2 2020 0 0 0 37172386
PUT 43887 26 2 2020 0 0 0 37172386
PUT 43886 25 2 2020 1 0 0 37172386
PUT 43885 24 2 2020 0 0 0 37172386
PUT 43884 23 2 2020 0 0 0 37172386
PUT 43883 22 2 2020 0 0 0 37172386
PUT 43882 21 2 2020 0 0 0 37172386
PUT 43881 20 2 2020 0 0 0 37172386
PUT 43880 19 2 2020 0 0 0 37172386
PUT 43879 18 2 2020 0 0 0 37172386
PUT 43878 17 2 2020 0 0 0 37172386
PUT 43877 16 2 2020 0 0 0 37172386
PUT 43876 15 2 2020 0 0 0 37172386
PUT 43875 14 2 2020 0 0 0 37172386
PUT 43874 13 2 2020 0 0 0 37172386
PUT 43873 12 2 2020 0 0 0 37172386
PUT 43872 11 2 2020 0 0 0 37172386
PUT 43871 10 2 2020 0 0 0 37172386
PUT 43870 9 2 2020 0 0 0 37172386
PUT 43869 8 2 2020 0 0 0 37172386
PUT 43868 7 2 2020 0 0 0 37172386
PUT 43867 6 2 2020 0 0 0 37172386
PUT 43866 5 2 2020 0 0 0 37172386
PUT 43865 4 2 2020 0 0 0 37172386
PUT 43864 3 2 2020 0 0 0 37172386
PUT 43863 2 2 2020 0 0 0 37172386
PUT 43862 1 2 2020 0 0 0 37172386
PUT 43861 31 1 2020 0 0 0 37172386
PUT 43860 30 1 2020 0 0 0 37172386
PUT 43859 29 1 2020 0 0 0 37172386
PUT 43858 28 1 2020 0 0 0 37172386
PUT 43857 27 1 2020 0 0 0 37172386
PUT 43856 26 1 2020 0 0 0 37172386
PUT 43855 25 1 2020 0 0 0 37172386
PUT 43854 24 1 2020 0 0 0 37172386
PUT 43853 23 1 2020 0 0 0 37172386
PUT 43852 22 1 2020 0 0 0 37172386
PUT 43851 21 1 2020 0 0 0 37172386
PUT 43850 20 1 2020 0 0 0 37172386
PUT 43849 19 1 2020 0 0 0 37172386
PUT 43848 18 1 2020 0 0 0 37172386
PUT 43847 17 1 2020 0 0 0 37172386
PUT 43846 16 1 2020 0 0 0 37172386
PUT 43845 15 1 2020 0 0 0 37172386
PUT 43844 14 1 2020 0 0 0 37172386
PUT 43843 13 1 2020 0 0 0 37172386
PUT 43842 12 1 2020 0 0 0 37172386
PUT 43841 11 1 2020 0 0 0 37172386
PUT 43840 10 1 2020 0 0 0 37172386
PUT 43839 9 1 2020 0 0 0 37172386
PUT 43838 8 1 2020 0 0 0 37172386
PUT 43837 7 1 2020 0 0 0 37172386
PUT 43836 6 1 2020 0 0 0 37172386
PUT 43835 5 1 2020 0 0 0 37172386
PUT 43834 4 1 2020 0 0 0 37172386
PUT 43833 3 1 2020 0 0 0 37172386
PUT 43832 2 1 2020 0 0 0 37172386
PUT 43831 1 1 2020 0 0 0 37172386
PUT 43830 31 12 2019 0 0 0 37172386
PUT 143931 10 4 2020 9 1 1 2866376
PUT 143930 9 4 2020 17 0 1 2866376
PUT 143929 8 4 2020 6 0 1 2866376
PUT 143928 7 4 2020 16 1 1 2866376
PUT 143927 6 4 2020 28 2 1 2866376
PUT 143926 5 4 2020 29 2 1 2866376
PUT 143925 4 4 2020 27 1 1 2866376
PUT 143924 3 4 2020 18 1 1 2866376
PUT 143923 2 4 2020 16 0 1 2866376
PUT 143922 1 4 2020 20 3 1 2866376
PUT 143921 31 3 2020 11 2 1 2866376
PUT 143920 30 3 2020 15 0 1 2866376
PUT 143919 29 3 2020 11 1 1 2866376
PUT 143918 28 3 2020 12 3 1 2866376
PUT 143917 27 3 2020 28 1 1 2866376
PUT 143916 26 3 2020 23 0 1 2866376
PUT 143915 25 3 2020 23 1 1 2866376
PUT 143914 24 3 2020 11 2 1 2866376
PUT 143913 23 3 2020 13 0 1 2866376
PUT 143912 22 3 2020 6 0 1 2866376
PUT 143911 21 3 2020 0 0 1 2866376
PUT 143910 20 3 2020 11 0 1 2866376
PUT 143909 19 3 2020 4 1 1 2866376
PUT 143908 18 3 2020 4 0 1 2866376
PUT 143907 17 3 2020 9 0 1 2866376
PUT 143906 16 3 2020 4 0 1 2866376
PUT 143905 15 3 2020 5 0 1 2866376
PUT 143904 14 3 2020 10 0 1 2866376
PUT 143903 13 3 2020 12 0 1 2866376
PUT 143902 12 3 2020 1 1 1 2866376
PUT 143901 11 3 2020 4 0 1 2866376
PUT 143900 10 3 2020 4 0 1 2866376
PUT 143899 9 3 2020 2 0 1 2866376
PUT 243931 10 4 2020 19 2 2 77006
PUT 343931 10 4 2020 94 30 3 42228429
PUT 343930 9 4 2020 104 11 3 42228429
PUT 343929 8 4 2020 45 21 3 42228429
PUT 343928 7 4 2020 103 21 3 42228429
PUT 343927 6 4 2020 20 22 3 42228429
PUT 343926 5 4 2020 314 47 3 42228429
PUT 343925 4 4 2020 139 25 3 42228429
PUT 343924 3 4 2020 0 0 3 42228429
PUT 343923 2 4 2020 263 23 3 42228429
PUT 343922 1 4 2020 73 4 3 42228429
PUT 343921 31 3 2020 57 2 3 42228429
PUT 343920 30 3 2020 45 3 3 42228429
PUT 343919 29 3 2020 104 5 3 42228429
PUT 343918 28 3 2020 0 0 3 42228429
PUT 343917 27 3 2020 41 4 3 42228429
PUT 343916 26 3 2020 33 0 3 42228429
PUT 343915 25 3 2020 42 0 3 42228429
PUT 343914 24 3 2020 87 2 3 42228429
PUT 343913 23 3 2020 8 5 3 42228429
PUT 343912 22 3 2020 0 0 3 42228429
PUT 343911 21 3 2020 12 3 3 42228429
PUT 343910 20 3 2020 9 1 3 42228429
PUT 343909 19 3 2020 13 1 3 42228429
PUT 343908 18 3 2020 0 1 3 42228429
PUT 343907 17 3 2020 12 0 3 42228429
PUT 343906 16 3 2020 11 2 3 42228429
PUT 343905 15 3 2020 11 0 3 42228429
PUT 343904 14 3 2020 2 1 3 42228429
PUT 343903 13 3 2020 4 1 3 42228429
PUT 343902 12 3 2020 0 0 3 42228429
PUT 343899 9 3 2020 3 0 3 42228429
PUT 343896 6 3 2020 5 0 3 42228429
PUT 343895 5 3 2020 7 0 3 42228429
PUT 343894 4 3 2020 2 0 3 42228429
PUT 343892 2 3 2020 2 0 3 42228429
PUT 343891 1 3 2020 0 0 3 42228429
PUT 343890 29 2 2020 0 0 3 42228429
PUT 343889 28 2 2020 0 0 3 42228429
PUT 343888 27 2 2020 0 0 3 42228429
PUT 343887 26 2 2020 1 0 3 42228429
PUT 343886 25 2 2020 0 0 3 42228429
PUT 343885 24 2 2020 0 0 3 42228429
PUT 343884 23 2 2020 0 0 3 42228429
PUT 343883 22 2 2020 0 0 3 42228429
PUT 343882 21 2 2020 0 0 3 42228429
PUT 343881 20 2 2020 0 0 3 42228429
PUT 343880 19 2 2020 0 0 3 42228429
PUT 343879 18 2 2020 0 0 3 42228429
PUT 343878 17 2 2020 0 0 3 42228429
PUT 343877 16 2 2020 0 0 3 42228429
PUT 343876 15 2 2020 0 0 3 42228429
PUT 343875 14 2 2020 0 0 3 42228429
PUT 343874 13 2 2020 0 0 3 42228429
PUT 343873 12 2 2020 0 0 3 42228429
PUT 343872 11 2 2020 0 0 3 42228429
PUT 343871 10 2 2020 0 0 3 42228429
PUT 343870 9 2 2020 0 0 3 42228429
PUT 343869 8 2 2020 0 0 3 42228429
PUT 343868 7 2 2020 0 0 3 42228429
PUT 343867 6 2 2020 0 0 3 42228429
PUT 343866 5 2 2020 0 0 3 42228429
PUT 343865 4 2 2020 0 0 3 42228429
PUT 343864 3 2 2020 0 0 3 42228429
PUT 343863 2 2 2020 0 0 3 42228429
PUT 343862 1 2 2020 0 0 3 42228429
PUT 343861 31 1 2020 0 0 3 42228429
PUT 343860 30 1 2020 0 0 3 42228429
PUT 343859 29 1 2020 0 0 3 42228429
PUT 343858 28 1 2020 0 0 3 42228429
PUT 343857 27 1 2020 0 0 3 42228429
PUT 343856 26 1 2020 0 0 3 42228429
PUT 343855 25 1 2020 0 0 3 42228429
PUT 343854 24 1 2020 0 0 3 42228429
PUT 343853 23 1 2020 0 0 3 42228429
PUT 343852 22 1 2020 0 0 3 42228429
PUT 343851 21 1 2020 0 0 3 42228429
PUT 343850 20 1 2020 0 0 3 42228429
PUT 343849 19 1 2020 0 0 3 42228429
PUT 343848 18 1 2020 0 0 3 42228429
PUT 343847 17 1 2020 0 0 3 42228429
PUT 343846 16 1 2020 0 0 3 42228429
PUT 343845 15 1 2020 0 0 3 42228429
PUT 343844 14 1 2020 0 0 3 42228429
PUT 343843 13 1 2020 0 0 3 42228429
PUT 343842 12 1 2020 0 0 3 42228429
PUT 343841 11 1 2020 0 0 3 42228429
PUT 343840 10 1 2020 0 0 3 42228429
PUT 343839 9 1 2020 0 0 3 42228429
PUT 343838 8 1 2020 0 0 3 42228429
PUT 343837 7 1 2020 0 0 3 42228429
PUT 343836 6 1 2020 0 0 3 42228429
PUT 343835 5 1 2020 0 0 3 42228429
PUT 343834 4 1 2020 0 0 3 42228429
PUT 343833 3 1 2020 0 0 3 42228429
PUT 343832 2 1 2020 0 0 3 42228429
PUT 343831 1 1 2020 0 0 3 42228429
PUT 343830 31 12 2019 0 0 3 42228429
PUT 243930 9 4 2020 19 1 2 77006
PUT 243929 8 4 2020 19 1 2 77006
PUT 243928 7 4 2020 25 3 2 77006
PUT 243927 6 4 2020 35 1 2 77006
PUT 243926 5 4 2020 27 1 2 77006
PUT 243925 4 4 2020 11 1 2 77006
PUT 243924 3 4 2020 38 1 2 77006
PUT 243923 2 4 2020 14 2 2 77006
PUT 243922 1 4 2020 6 4 2 77006
PUT 243921 31 3 2020 36 2 2 77006
PUT 243920 30 3 2020 26 2 2 77006
PUT 243919 29 3 2020 41 1 2 77006
PUT 243918 28 3 2020 43 0 2 77006
PUT 243917 27 3 2020 36 3 2 77006
PUT 243916 26 3 2020 24 0 2 77006
PUT 243915 25 3 2020 31 0 2 77006
PUT 243914 24 3 2020 20 0 2 77006
PUT 243913 23 3 2020 25 0 2 77006
PUT 243912 22 3 2020 13 0 2 77006
PUT 243911 21 3 2020 0 0 2 77006
PUT 243910 20 3 2020 22 0 2 77006
PUT 243909 19 3 2020 39 0 2 77006
PUT 243908 18 3 2020 0 0 2 77006
PUT 243907 17 3 2020 9 0 2 77006
PUT 243906 16 3 2020 3 0 2 77006
PUT 243904 14 3 2020 1 0 2 77006
PUT 243893 3 3 2020 1 0 2 77006
PUT 443931 10 4 2020 0 0 4 30809762
PUT 443930 9 4 2020 2 0 4 30809762
PUT 443929 8 4 2020 1 0 4 30809762
PUT 443928 7 4 2020 2 0 4 30809762
PUT 443927 6 4 2020 4 0 4 30809762
PUT 443926 5 4 2020 2 0 4 30809762
PUT 443925 4 4 2020 0 0 4 30809762
PUT 443924 3 4 2020 0 0 4 30809762
PUT 443923 2 4 2020 1 0 4 30809762
PUT 443922 1 4 2020 0 0 4 30809762
PUT 443921 31 3 2020 0 0 4 30809762
PUT 443920 30 3 2020 3 2 4 30809762
PUT 443919 29 3 2020 0 0 4 30809762
PUT 443918 28 3 2020 1 0 4 30809762
PUT 443917 27 3 2020 1 0 4 30809762
PUT 443916 26 3 2020 0 0 4 30809762
PUT 443915 25 3 2020 0 0 4 30809762
PUT 443914 24 3 2020 0 0 4 30809762
PUT 443913 23 3 2020 0 0 4 30809762
PUT 443912 22 3 2020 2 0 4 30809762
PUT 543931 10 4 2020 0 0 5 0
PUT 543930 9 4 2020 0 0 5 0
PUT 543929 8 4 2020 0 0 5 0
PUT 543928 7 4 2020 0 0 5 0
PUT 543927 6 4 2020 0 0 5 0
PUT 543926 5 4 2020 0 0 5 0
PUT 543925 4 4 2020 0 0 5 0
PUT 543924 3 4 2020 1 0 5 0
PUT 543923 2 4 2020 0 0 5 0
PUT 543922 1 4 2020 0 0 5 0
PUT 543921 31 3 2020 0 0 5 0
PUT 543920 30 3 2020 0 0 5 0
PUT 543919 29 3 2020 0 0 5 0
PUT 543918 28 3 2020 0 0 5 0
PUT 543917 27 3 2020 2 0 5 0
PUT 643931 10 4 2020 4 2 6 96286
PUT 643930 9 4 2020 0 0 6 96286
PUT 643929 8 4 2020 0 0 6 96286
PUT 643928 7 4 2020 0 0 6 96286
PUT 643927 6 4 2020 0 0 6 96286
PUT 643926 5 4 2020 0 0 6 96286
PUT 643925 4 4 2020 6 0 6 96286
PUT 643924 3 4 2020 2 0 6 96286
PUT 643923 2 4 2020 0 0 6 96286
PUT 643922 1 4 2020 0 0 6 96286
PUT 643921 31 3 2020 0 0 6 96286
PUT 643920 30 3 2020 0 0 6 96286
PUT 643919 29 3 2020 0 0 6 96286
PUT 643918 28 3 2020 0 0 6 96286
PUT 643917 27 3 2020 4 0 6 96286
PUT 643916 26 3 2020 0 0 6 96286
PUT 643915 25 3 2020 2 0 6 96286
PUT 643914 24 3 2020 0 0 6 96286
PUT 643913 23 3 2020 0 0 6 96286
PUT 643912 22 3 2020 0 0 6 96286
PUT 643911 21 3 2020 0 0 6 96286
PUT 643905 15 3 2020 1 0 6 96286
PUT 743931 10 4 2020 99 14 7 44494502
PUT 743930 9 4 2020 80 5 7 44494502
PUT 743929 8 4 2020 87 7 7 44494502
PUT 743928 7 4 2020 74 7 7 44494502
PUT 743927 6 4 2020 103 3 7 44494502
PUT 743926 5 4 2020 186 6 7 44494502
PUT 743925 4 4 2020 132 3 7 44494502
PUT 743924 3 4 2020 0 3 7 44494502
PUT 743923 2 4 2020 167 7 7 44494502
PUT 743922 1 4 2020 0 0 7 44494502
PUT 743921 31 3 2020 146 4 7 44494502
PUT 743920 30 3 2020 75 1 7 44494502
PUT 743919 29 3 2020 55 2 7 44494502
PUT 743918 28 3 2020 101 5 7 44494502
PUT 743917 27 3 2020 87 4 7 44494502
PUT 743916 26 3 2020 115 2 7 44494502
PUT 743915 25 3 2020 86 2 7 44494502
PUT 743914 24 3 2020 35 0 7 44494502
PUT 743913 23 3 2020 41 0 7 44494502
PUT 743912 22 3 2020 67 1 7 44494502
PUT 743911 21 3 2020 30 0 7 44494502
PUT 743910 20 3 2020 31 1 7 44494502
PUT 743909 19 3 2020 18 0 7 44494502
PUT 743908 18 3 2020 14 0 7 44494502
PUT 743907 17 3 2020 9 0 7 44494502
PUT 743906 16 3 2020 11 0 7 44494502
PUT 743905 15 3 2020 11 0 7 44494502
PUT 743904 14 3 2020 3 1 7 44494502
PUT 743903 13 3 2020 12 0 7 44494502
PUT 743901 11 3 2020 7 0 7 44494502
PUT 743899 9 3 2020 3 0 7 44494502
PUT 743898 8 3 2020 1 1 7 44494502
PUT 743897 7 3 2020 6 0 7 44494502
PUT 743896 6 3 2020 1 0 7 44494502
PUT 743894 4 3 2020 1 0 7 44494502
PUT 843931 10 4 2020 40 1 8 2951776
PUT 843930 9 4 2020 28 1 8 2951776
PUT 843929 8 4 2020 20 0 8 2951776
PUT 843928 7 4 2020 11 1 8 2951776
PUT 843927 6 4 2020 52 0 8 2951776
PUT 843926 5 4 2020 34 0 8 2951776
PUT 843925 4 4 2020 73 3 8 2951776
PUT 843924 3 4 2020 92 1 8 2951776
PUT 843923 2 4 2020 39 0 8 2951776
PUT 843922 1 4 2020 50 0 8 2951776
PUT 843921 31 3 2020 58 0 8 2951776
PUT 843920 30 3 2020 0 0 8 2951776
PUT 843919 29 3 2020 52 2 8 2951776
PUT 843918 28 3 2020 43 0 8 2951776
PUT 843917 27 3 2020 39 1 8 2951776
PUT 843916 26 3 2020 25 0 8 2951776
PUT 843915 25 3 2020 71 0 8 2951776
PUT 843914 24 3 2020 4 0 8 2951776
PUT 843913 23 3 2020 30 0 8 2951776
PUT 843912 22 3 2020 24 0 8 2951776
PUT 843911 21 3 2020 14 0 8 2951776
PUT 843910 20 3 2020 7 0 8 2951776
PUT 843909 19 3 2020 37 0 8 2951776
PUT 843908 18 3 2020 26 0 8 2951776
PUT 843907 17 3 2020 22 0 8 2951776
PUT 843906 16 3 2020 10 0 8 2951776
PUT 843905 15 3 2020 7 0 8 2951776
PUT 843904 14 3 2020 7 0 8 2951776
PUT 843903 13 3 2020 2 0 8 2951776
PUT 843902 12 3 2020 3 0 8 2951776
PUT 843892 2 3 2020 0 0 8 2951776
PUT 843891 1 3 2020 1 0 8 2951776
PUT 843890 29 2 2020 0 0 8 2951776
PUT 843889 28 2 2020 0 0 8 2951776
PUT 843888 27 2 2020 0 0 8 2951776
PUT 843887 26 2 2020 0 0 8 2951776
PUT 843886 25 2 2020 0 0 8 2951776
PUT 843885 24 2 2020 0 0 8 2951776
PUT 843884 23 2 2020 0 0 8 2951776
PUT 843883 22 2 2020 0 0 8 2951776
PUT 843882 21 2 2020 0 0 8 2951776
PUT 843881 20 2 2020 0 0 8 2951776
PUT 843880 19 2 2020 0 0 8 2951776
PUT 843879 18 2 2020 0 0 8 2951776
PUT 843878 17 2 2020 0 0 8 2951776
PUT 843877 16 2 2020 0 0 8 2951776
PUT 843876 15 2 2020 0 0 8 2951776
PUT 843875 14 2 2020 0 0 8 2951776
PUT 843874 13 2 2020 0 0 8 2951776
PUT 843873 12 2 2020 0 0 8 2951776
PUT 843872 11 2 2020 0 0 8 2951776
PUT 843871 10 2 2020 0 0 8 2951776
PUT 843870 9 2 2020 0 0 8 2951776
PUT 843869 8 2 2020 0 0 8 2951776
PUT 843868 7 2 2020 0 0 8 2951776
PUT 843867 6 2 2020 0 0 8 2951776
PUT 843866 5 2 2020 0 0 8 2951776
PUT 843865 4 2 2020 0 0 8 2951776
PUT 843864 3 2 2020 0 0 8 2951776
PUT 843863 2 2 2020 0 0 8 2951776
PUT 843862 1 2 2020 0 0 8 2951776
PUT 843861 31 1 2020 0 0 8 2951776
PUT 843860 30 1 2020 0 0 8 2951776
PUT 843859 29 1 2020 0 0 8 2951776
PUT 843858 28 1 2020 0 0 8 2951776
PUT 843857 27 1 2020 0 0 8 2951776
PUT 843856 26 1 2020 0 0 8 2951776
PUT 843855 25 1 2020 0 0 8 2951776
PUT 843854 24 1 2020 0 0 8 2951776
PUT 843853 23 1 2020 0 0 8 2951776
PUT 843852 22 1 2020 0 0 8 2951776
PUT 843851 21 1 2020 0 0 8 2951776
PUT 843850 20 1 2020 0 0 8 2951776
PUT 843849 19 1 2020 0 0 8 2951776
PUT 843848 18 1 2020 0 0 8 2951776
PUT 843847 17 1 2020 0 0 8 2951776
PUT 843846 16 1 2020 0 0 8 2951776
PUT 843845 15 1 2020 0 0 8 2951776
PUT 843844 14 1 2020 0 0 8 2951776
PUT 843843 13 1 2020 0 0 8 2951776
PUT 843842 12 1 2020 0 0 8 2951776
PUT 843841 11 1 2020 0 0 8 2951776
PUT 843840 10 1 2020 0 0 8 2951776
PUT 843839 9 1 2020 0 0 8 2951776
PUT 843838 8 1 2020 0 0 8 2951776
PUT 843837 7 1 2020 0 0 8 2951776
PUT 843836 6 1 2020 0 0 8 2951776
PUT 843835 5 1 2020 0 0 8 2951776
PUT 843834 4 1 2020 0 0 8 2951776
PUT 843833 3 1 2020 0 0 8 2951776
PUT 843832 2 1 2020 0 0 8 2951776
PUT 843831 1 1 2020 0 0 8 2951776
PUT 843830 31 12 2019 0 0 8 2951776
PUT 943931 10 4 2020 5 0 9 105845
PUT 943930 9 4 2020 3 0 9 105845
PUT 943929 8 4 2020 3 0 9 105845
PUT 943928 7 4 2020 7 0 9 105845
PUT 943927 6 4 2020 0 0 9 105845
PUT 943926 5 4 2020 2 0 9 105845
PUT 943925 4 4 2020 2 0 9 105845
PUT 943924 3 4 2020 5 0 9 105845
PUT 943923 2 4 2020 0 0 9 105845
PUT 943922 1 4 2020 5 0 9 105845
PUT 943920 30 3 2020 22 0 9 105845
PUT 943919 29 3 2020 0 0 9 105845
PUT 943918 28 3 2020 0 0 9 105845
PUT 943917 27 3 2020 9 0 9 105845
PUT 943916 26 3 2020 2 0 9 105845
PUT 943915 25 3 2020 5 0 9 105845
PUT 943914 24 3 2020 8 0 9 105845
PUT 943910 20 3 2020 2 0 9 105845
PUT 943903 13 3 2020 2 0 9 105845
PUT 1043931 10 4 2020 100 2 10 24992369
PUT 1043930 9 4 2020 96 5 10 24992369
PUT 1043929 8 4 2020 112 3 10 24992369
PUT 1043928 7 4 2020 100 6 10 24992369
PUT 1043927 6 4 2020 57 2 10 24992369
PUT 1043926 5 4 2020 139 4 10 24992369
PUT 1043925 4 4 2020 324 7 10 24992369
PUT 1043924 3 4 2020 248 2 10 24992369
PUT 1043923 2 4 2020 269 1 10 24992369
PUT 1043922 1 4 2020 150 1 10 24992369
PUT 1043921 31 3 2020 464 3 10 24992369
PUT 1043920 30 3 2020 284 2 10 24992369
PUT 1043919 29 3 2020 431 1 10 24992369
PUT 1043918 28 3 2020 212 0 10 24992369
PUT 1043917 27 3 2020 367 2 10 24992369
PUT 1043916 26 3 2020 376 3 10 24992369
PUT 1043915 25 3 2020 600 1 10 24992369
PUT 1043914 24 3 2020 114 0 10 24992369
PUT 1043913 23 3 2020 611 0 10 24992369
PUT 1043912 22 3 2020 224 0 10 24992369
PUT 1043911 21 3 2020 165 1 10 24992369
PUT 1043910 20 3 2020 144 0 10 24992369
PUT 1043909 19 3 2020 111 1 10 24992369
PUT 1043908 18 3 2020 79 0 10 24992369
PUT 1043907 17 3 2020 77 0 10 24992369
PUT 1043906 16 3 2020 49 2 10 24992369
PUT 1043905 15 3 2020 52 0 10 24992369
PUT 1043904 14 3 2020 41 0 10 24992369
PUT 1043903 13 3 2020 30 0 10 24992369
PUT 1043902 12 3 2020 14 0 10 24992369
PUT 1043901 11 3 2020 12 0 10 24992369
PUT 1043900 10 3 2020 20 0 10 24992369
PUT 1043899 9 3 2020 6 0 10 24992369
PUT 1043898 8 3 2020 11 1 10 24992369
PUT 1043897 7 3 2020 4 0 10 24992369
PUT 1043896 6 3 2020 7 0 10 24992369
PUT 1043895 5 3 2020 11 1 10 24992369
PUT 1043894 4 3 2020 8 0 10 24992369
PUT 1043893 3 3 2020 4 0 10 24992369
PUT 1043892 2 3 2020 3 0 10 24992369
PUT 1043891 1 3 2020 1 1 10 24992369
PUT 1043890 29 2 2020 2 0 10 24992369
PUT 1043889 28 2 2020 0 0 10 24992369
PUT 1043888 27 2 2020 1 0 10 24992369
PUT 1043887 26 2 2020 0 0 10 24992369
PUT 1043886 25 2 2020 0 0 10 24992369
PUT 1043885 24 2 2020 0 0 10 24992369
PUT 1043884 23 2 2020 1 0 10 24992369
PUT 1043883 22 2 2020 4 0 10 24992369
PUT 1043882 21 2 2020 2 0 10 24992369
PUT 1043881 20 2 2020 0 0 10 24992369
PUT 1043880 19 2 2020 0 0 10 24992369
PUT 1043879 18 2 2020 0 0 10 24992369
PUT 1043878 17 2 2020 0 0 10 24992369
PUT 1043877 16 2 2020 0 0 10 24992369
PUT 1043876 15 2 2020 0 0 10 24992369
PUT 1043875 14 2 2020 1 0 10 24992369
PUT 1043874 13 2 2020 0 0 10 24992369
PUT 1043873 12 2 2020 0 0 10 24992369
PUT 1043872 11 2 2020 0 0 10 24992369
PUT 1043871 10 2 2020 0 0 10 24992369
PUT 1043870 9 2 2020 0 0 10 24992369
PUT 1043869 8 2 2020 0 0 10 24992369
PUT 1043868 7 2 2020 1 0 10 24992369
PUT 1043867 6 2 2020 1 0 10 24992369
PUT 1043866 5 2 2020 1 0 10 24992369
PUT 1043865 4 2 2020 0 0 10 24992369
PUT 1043864 3 2 2020 0 0 10 24992369
PUT 1043863 2 2 2020 2 0 10 24992369
PUT 1043862 1 2 2020 2 0 10 24992369
PUT 1043861 31 1 2020 1 0 10 24992369
PUT 1043860 30 1 2020 2 0 10 24992369
PUT 1043859 29 1 2020 0 0 10 24992369
PUT 1043858 28 1 2020 0 0 10 24992369
PUT 1043857 27 1 2020 0 0 10 24992369
PUT 1043856 26 1 2020 3 0 10 24992369
PUT 1043855 25 1 2020 1 0 10 24992369
PUT 1043854 24 1 2020 0 0 10 24992369
PUT 1043853 23 1 2020 0 0 10 24992369
PUT 1043852 22 1 2020 0 0 10 24992369
PUT 1043851 21 1 2020 0 0 10 24992369
PUT 1043850 20 1 2020 0 0 10 24992369
PUT 1043849 19 1 2020 0 0 10 24992369
PUT 1043848 18 1 2020 0 0 10 24992369
PUT 1043847 17 1 2020 0 0 10 24992369
PUT 1043846 16 1 2020 0 0 10 24992369
PUT 1043845 15 1 2020 0 0 10 24992369
PUT 1043844 14 1 2020 0 0 10 24992369
PUT 1043843 13 1 2020 0 0 10 24992369
PUT 1043842 12 1 2020 0 0 10 24992369
PUT 1043841 11 1 2020 0 0 10 24992369
PUT 1043840 10 1 2020 0 0 10 24992369
PUT 1043839 9 1 2020 0 0 10 24992369
PUT 1043838 8 1 2020 0 0 10 24992369
PUT 1043837 7 1 2020 0 0 10 24992369
PUT 1043836 6 1 2020 0 0 10 24992369
PUT 1043835 5 1 2020 0 0 10 24992369
PUT 1043834 4 1 2020 0 0 10 24992369
PUT 1043833 3 1 2020 0 0 10 24992369
PUT 1043832 2 1 2020 0 0 10 24992369
PUT 1043831 1 1 2020 0 0 10 24992369
PUT 1043830 31 12 2019 0 0 10 24992369
PUT 1143931 10 4 2020 279 22 11 8847037
PUT 1143930 9 4 2020 329 30 11 8847037
PUT 1143929 8 4 2020 343 23 11 8847037
PUT 1143928 7 4 2020 314 16 11 8847037
PUT 1143927 6 4 2020 217 18 11 8847037
PUT 1143926 5 4 2020 241 18 11 8847037
PUT 1143925 4 4 2020 396 10 11 8847037
PUT 1143924 3 4 2020 418 12 11 8847037
PUT 1143923 2 4 2020 529 18 11 8847037
PUT 1143922 1 4 2020 564 20 11 8847037
PUT 1143921 31 3 2020 805 22 11 8847037
PUT 1143920 30 3 2020 522 18 11 8847037
PUT 1143919 29 3 2020 594 0 11 8847037
PUT 1143918 28 3 2020 668 16 11 8847037
PUT 1143917 27 3 2020 1141 18 11 8847037
PUT 1143916 26 3 2020 606 4 11 8847037
PUT 1143915 25 3 2020 796 5 11 8847037
PUT 1143914 24 3 2020 855 9 11 8847037
PUT 1143913 23 3 2020 607 8 11 8847037
PUT 1143912 22 3 2020 375 2 11 8847037
PUT 1143911 21 3 2020 453 0 11 8847037
PUT 1143910 20 3 2020 550 2 11 8847037
PUT 1143909 19 3 2020 314 1 11 8847037
PUT 1143908 18 3 2020 316 0 11 8847037
PUT 1143907 17 3 2020 156 2 11 8847037
PUT 1143906 16 3 2020 205 0 11 8847037
PUT 1143905 15 3 2020 151 0 11 8847037
PUT 1143904 14 3 2020 143 0 11 8847037
PUT 1143903 13 3 2020 115 1 11 8847037
PUT 1143902 12 3 2020 64 0 11 8847037
PUT 1143901 11 3 2020 51 0 11 8847037
PUT 1143900 10 3 2020 29 0 11 8847037
PUT 1143899 9 3 2020 3 0 11 8847037
PUT 1143898 8 3 2020 25 0 11 8847037
PUT 1143897 7 3 2020 33 0 11 8847037
PUT 1143896 6 3 2020 12 0 11 8847037
PUT 1143895 5 3 2020 5 0 11 8847037
PUT 1143894 4 3 2020 6 0 11 8847037
PUT 1143893 3 3 2020 4 0 11 8847037
PUT 1143892 2 3 2020 4 0 11 8847037
PUT 1143891 1 3 2020 3 0 11 8847037
PUT 1143890 29 2 2020 2 0 11 8847037
PUT 1143889 28 2 2020 3 0 11 8847037
PUT 1143888 27 2 2020 0 0 11 8847037
PUT 1143887 26 2 2020 2 0 11 8847037
PUT 1143886 25 2 2020 0 0 11 8847037
PUT 1143885 24 2 2020 0 0 11 8847037
PUT 1143884 23 2 2020 0 0 11 8847037
PUT 1143883 22 2 2020 0 0 11 8847037
PUT 1143882 21 2 2020 0 0 11 8847037
PUT 1143881 20 2 2020 0 0 11 8847037
PUT 1143880 19 2 2020 0 0 11 8847037
PUT 1143879 18 2 2020 0 0 11 8847037
PUT 1143878 17 2 2020 0 0 11 8847037
PUT 1143877 16 2 2020 0 0 11 8847037
PUT 1143876 15 2 2020 0 0 11 8847037
PUT 1143875 14 2 2020 0 0 11 8847037
PUT 1143874 13 2 2020 0 0 11 8847037
PUT 1143873 12 2 2020 0 0 11 8847037
PUT 1143872 11 2 2020 0 0 11 8847037
PUT 1143871 10 2 2020 0 0 11 8847037
PUT 1143870 9 2 2020 0 0 11 8847037
PUT 1143869 8 2 2020 0 0 11 8847037
PUT 1143868 7 2 2020 0 0 11 8847037
PUT 1143867 6 2 2020 0 0 11 8847037
PUT 1143866 5 2 2020 0 0 11 8847037
PUT 1143865 4 2 2020 0 0 11 8847037
PUT 1143864 3 2 2020 0 0 11 8847037
PUT 1143863 2 2 2020 0 0 11 8847037
PUT 1143862 1 2 2020 0 0 11 8847037
PUT 1143861 31 1 2020 0 0 11 8847037
PUT 1143860 30 1 2020 0 0 11 8847037
PUT 1143859 29 1 2020 0 0 11 8847037
PUT 1143858 28 1 2020 0 0 11 8847037
PUT 1143857 27 1 2020 0 0 11 8847037
PUT 1143856 26 1 2020 0 0 11 8847037
PUT 1143855 25 1 2020 0 0 11 8847037
PUT 1143854 24 1 2020 0 0 11 8847037
PUT 1143853 23 1 2020 0 0 11 8847037
PUT 1143852 22 1 2020 0 0 11 8847037
PUT 1143851 21 1 2020 0 0 11 8847037
PUT 1143850 20 1 2020 0 0 11 8847037
PUT 1143849 19 1 2020 0 0 11 8847037
PUT 1143848 18 1 2020 0 0 11 8847037
PUT 1143847 17 1 2020 0 0 11 8847037
PUT 1143846 16 1 2020 0 0 11 8847037
PUT 1143845 15 1 2020 0 0 11 8847037
PUT 1143844 14 1 2020 0 0 11 8847037
PUT 1143843 13 1 2020 0 0 11 8847037
PUT 1143842 12 1 2020 0 0 11 8847037
PUT 1143841 11 1 2020 0 0 11 8847037
PUT 1143840 10 1 2020 0 0 11 8847037
PUT 1143839 9 1 2020 0 0 11 8847037
PUT 1143838 8 1 2020 0 0 11 8847037
PUT 1143837 7 1 2020 0 0 11 8847037
PUT 1143836 6 1 2020 0 0 11 8847037
PUT 1143835 5 1 2020 0 0 11 8847037
PUT 1143834 4 1 2020 0 0 11 8847037
PUT 1143833 3 1 2020 0 0 11 8847037
PUT 1143832 2 1 2020 0 0 11 8847037
PUT 1143831 1 1 2020 0 0 11 8847037
PUT 1143830 31 12 2019 0 0 11 8847037
PUT 1243931 10 4 2020 104 1 12 9942334
PUT 1243930 9 4 2020 105 0 12 9942334
PUT 1243929 8 4 2020 76 1 12 9942334
PUT 1243928 7 4 2020 57 0 12 9942334
PUT 1243927 6 4 2020 63 2 12 9942334
PUT 1243926 5 4 2020 78 0 12 9942334
PUT 1243925 4 4 2020 43 0 12 9942334
PUT 1243924 3 4 2020 41 0 12 9942334
PUT 1243923 2 4 2020 61 0 12 9942334
PUT 1243922 1 4 2020 25 1 12 9942334
PUT 1243921 31 3 2020 64 0 12 9942334
PUT 1243920 30 3 2020 27 0 12 9942334
PUT 1243919 29 3 2020 17 1 12 9942334
PUT 1243918 28 3 2020 43 0 12 9942334
PUT 1243917 27 3 2020 29 1 12 9942334
PUT 1243916 26 3 2020 6 1 12 9942334
PUT 1243915 25 3 2020 15 0 12 9942334
PUT 1243914 24 3 2020 7 0 12 9942334
PUT 1243913 23 3 2020 12 0 12 9942334
PUT 1243912 22 3 2020 9 0 12 9942334
PUT 1243911 21 3 2020 0 1 12 9942334
PUT 1243910 20 3 2020 10 0 12 9942334
PUT 1243909 19 3 2020 6 0 12 9942334
PUT 1243908 18 3 2020 9 0 12 9942334
PUT 1243907 17 3 2020 0 0 12 9942334
PUT 1243906 16 3 2020 0 0 12 9942334
PUT 1243905 15 3 2020 6 0 12 9942334
PUT 1243903 13 3 2020 0 0 12 9942334
PUT 1243902 12 3 2020 2 0 12 9942334
PUT 1243901 11 3 2020 2 0 12 9942334
PUT 1243897 7 3 2020 3 0 12 9942334
PUT 1243896 6 3 2020 3 0 12 9942334
PUT 1243892 2 3 2020 2 0 12 9942334
PUT 1243891 1 3 2020 0 0 12 9942334
PUT 1243890 29 2 2020 1 0 12 9942334
PUT 1243889 28 2 2020 0 0 12 9942334
PUT 1243888 27 2 2020 0 0 12 9942334
PUT 1243887 26 2 2020 0 0 12 9942334
PUT 1243886 25 2 2020 0 0 12 9942334
PUT 1243885 24 2 2020 0 0 12 9942334
PUT 1243884 23 2 2020 0 0 12 9942334
PUT 1243883 22 2 2020 0 0 12 9942334
PUT 1243882 21 2 2020 0 0 12 9942334
PUT 1243881 20 2 2020 0 0 12 9942334
PUT 1243880 19 2 2020 0 0 12 9942334
PUT 1243879 18 2 2020 0 0 12 9942334
PUT 1243878 17 2 2020 0 0 12 9942334
PUT 1243877 16 2 2020 0 0 12 9942334
PUT 1243876 15 2 2020 0 0 12 9942334
PUT 1243875 14 2 2020 0 0 12 9942334
PUT 1243874 13 2 2020 0 0 12 9942334
PUT 1243873 12 2 2020 0 0 12 9942334
PUT 1243872 11 2 2020 0 0 12 9942334
PUT 1243871 10 2 2020 0 0 12 9942334
PUT 1243870 9 2 2020 0 0 12 9942334
PUT 1243869 8 2 2020 0 0 12 9942334
PUT 1243868 7 2 2020 0 0 12 9942334
PUT 1243867 6 2 2020 0 0 12 9942334
PUT 1243866 5 2 2020 0 0 12 9942334
PUT 1243865 4 2 2020 0 0 12 9942334
PUT 1243864 3 2 2020 0 0 12 9942334
PUT 1243863 2 2 2020 0 0 12 9942334
PUT 1243862 1 2 2020 0 0 12 9942334
PUT 1243861 31 1 2020 0 0 12 9942334
PUT 1243860 30 1 2020 0 0 12 9942334
PUT 1243859 29 1 2020 0 0 12 9942334
PUT 1243858 28 1 2020 0 0 12 9942334
PUT 1243857 27 1 2020 0 0 12 9942334
PUT 1243856 26 1 2020 0 0 12 9942334
PUT 1243855 25 1 2020 0 0 12 9942334
PUT 1243854 24 1 2020 0 0 12 9942334
PUT 1243853 23 1 2020 0 0 12 9942334
PUT 1243852 22 1 2020 0 0 12 9942334
PUT 1243851 21 1 2020 0 0 12 9942334
PUT 1243850 20 1 2020 0 0 12 9942334
PUT 1243849 19 1 2020 0 0 12 9942334
PUT 1243848 18 1 2020 0 0 12 9942334
PUT 1243847 17 1 2020 0 0 12 9942334
PUT 1243846 16 1 2020 0 0 12 9942334
PUT 1243845 15 1 2020 0 0 12 9942334
PUT 1243844 14 1 2020 0 0 12 9942334
PUT 1243843 13 1 2020 0 0 12 9942334
PUT 1243842 12 1 2020 0 0 12 9942334
PUT 1243841 11 1 2020 0 0 12 9942334
PUT 1243840 10 1 2020 0 0 12 9942334
PUT 1243839 9 1 2020 0 0 12 9942334
PUT 1243838 8 1 2020 0 0 12 9942334
PUT 1243837 7 1 2020 0 0 12 9942334
PUT 1243836 6 1 2020 0 0 12 9942334
PUT 1243835 5 1 2020 0 0 12 9942334
PUT 1243834 4 1 2020 0 0 12 9942334
PUT 1243833 3 1 2020 0 0 12 9942334
PUT 1243832 2 1 2020 0 0 12 9942334
PUT 1243831 1 1 2020 0 0 12 9942334
PUT 1243830 31 12 2019 0 0 12 9942334
PUT 1343931 10 4 2020 1 1 13 385640
PUT 1343930 9 4 2020 4 1 13 385640
PUT 1343929 8 4 2020 3 1 13 385640
PUT 1343928 7 4 2020 4 0 13 385640
PUT 1343927 6 4 2020 1 1 13 385640
PUT 1343926 5 4 2020 4 1 13 385640
PUT 1343925 4 4 2020 0 2 13 385640
PUT 1343924 3 4 2020 3 0 13 385640
PUT 1343923 2 4 2020 6 1 13 385640
PUT 1343922 1 4 2020 1 0 13 385640
PUT 1343921 31 3 2020 0 0 13 385640
PUT 1343920 30 3 2020 3 0 13 385640
PUT 1343919 29 3 2020 2 0 13 385640
PUT 1343918 28 3 2020 0 0 13 385640
PUT 1343917 27 3 2020 4 0 13 385640
PUT 1343916 26 3 2020 1 0 13 385640
PUT 1343915 25 3 2020 0 0 13 385640
PUT 1343914 24 3 2020 0 0 13 385640
PUT 1343913 23 3 2020 0 0 13 385640
PUT 1343912 22 3 2020 0 0 13 385640
PUT 1343911 21 3 2020 1 0 13 385640
PUT 1343910 20 3 2020 2 0 13 385640
PUT 1343907 17 3 2020 0 0 13 385640
PUT 1343906 16 3 2020 1 0 13 385640
PUT 1443931 10 4 2020 64 0 14 1569439
PUT 1443930 9 4 2020 12 0 14 1569439
PUT 1443929 8 4 2020 55 1 14 1569439
PUT 1443928 7 4 2020 56 0 14 1569439
PUT 1443927 6 4 2020 12 0 14 1569439
PUT 1443926 5 4 2020 45 0 14 1569439
PUT 1443925 4 4 2020 0 0 14 1569439
PUT 1443924 3 4 2020 74 0 14 1569439
PUT 1443923 2 4 2020 2 0 14 1569439
PUT 1443922 1 4 2020 52 0 14 1569439
PUT 1443921 31 3 2020 15 0 14 1569439
PUT 1443920 30 3 2020 27 0 14 1569439
PUT 1443919 29 3 2020 7 0 14 1569439
PUT 1443918 28 3 2020 8 0 14 1569439
PUT 1443917 27 3 2020 39 1 14 1569439
PUT 1443916 26 3 2020 29 0 14 1569439
PUT 1443915 25 3 2020 51 1 14 1569439
PUT 1443914 24 3 2020 5 0 14 1569439
PUT 1443913 23 3 2020 28 1 14 1569439
PUT 1443912 22 3 2020 21 0 14 1569439
PUT 1443911 21 3 2020 16 0 14 1569439
PUT 1443910 20 3 2020 13 0 14 1569439
PUT 1443909 19 3 2020 19 0 14 1569439
PUT 1443908 18 3 2020 16 0 14 1569439
PUT 1443907 17 3 2020 7 1 14 1569439
PUT 1443906 16 3 2020 3 0 14 1569439
PUT 1443905 15 3 2020 1 0 14 1569439
PUT 1443904 14 3 2020 48 0 14 1569439
PUT 1443903 13 3 2020 0 0 14 1569439
PUT 1443902 12 3 2020 52 0 14 1569439
PUT 1443901 11 3 2020 1 0 14 1569439
PUT 1443900 10 3 2020 30 0 14 1569439
PUT 1443899 9 3 2020 16 0 14 1569439
PUT 1443898 8 3 2020 7 0 14 1569439
PUT 1443897 7 3 2020 4 0 14 1569439
PUT 1443896 6 3 2020 0 0 14 1569439
PUT 1443895 5 3 2020 3 0 14 1569439
PUT 1443894 4 3 2020 2 0 14 1569439
PUT 1443892 2 3 2020 6 0 14 1569439
PUT 1443891 1 3 2020 3 0 14 1569439
PUT 1443890 29 2 2020 5 0 14 1569439
PUT 1443889 28 2 2020 0 0 14 1569439
PUT 1443888 27 2 2020 10 0 14 1569439
PUT 1443887 26 2 2020 21 0 14 1569439
PUT 1443886 25 2 2020 1 0 14 1569439
PUT 1443885 24 2 2020 1 0 14 1569439
PUT 1443884 23 2 2020 0 0 14 1569439
PUT 1443883 22 2 2020 0 0 14 1569439
PUT 1443882 21 2 2020 0 0 14 1569439
PUT 1443881 20 2 2020 0 0 14 1569439
PUT 1443880 19 2 2020 0 0 14 1569439
PUT 1443879 18 2 2020 0 0 14 1569439
PUT 1443878 17 2 2020 0 0 14 1569439
PUT 1443877 16 2 2020 0 0 14 1569439
PUT 1443876 15 2 2020 0 0 14 1569439
PUT 1443875 14 2 2020 0 0 14 1569439
PUT 1443874 13 2 2020 0 0 14 1569439
PUT 1443873 12 2 2020 0 0 14 1569439
PUT 1443872 11 2 2020 0 0 14 1569439
PUT 1443871 10 2 2020 0 0 14 1569439
PUT 1443870 9 2 2020 0 0 14 1569439
PUT 1443869 8 2 2020 0 0 14 1569439
PUT 1443868 7 2 2020 0 0 14 1569439
PUT 1443867 6 2 2020 0 0 14 1569439
PUT 1443866 5 2 2020 0 0 14 1569439
PUT 1443865 4 2 2020 0 0 14 1569439
PUT 1443864 3 2 2020 0 0 14 1569439
PUT 1443863 2 2 2020 0 0 14 1569439
PUT 1443862 1 2 2020 0 0 14 1569439
PUT 1443861 31 1 2020 0 0 14 1569439
PUT 1443860 30 1 2020 0 0 14 1569439
PUT 1443859 29 1 2020 0 0 14 1569439
PUT 1443858 28 1 2020 0 0 14 1569439
PUT 1443857 27 1 2020 0 0 14 1569439
PUT 1443856 26 1 2020 0 0 14 1569439
PUT 1443855 25 1 2020 0 0 14 1569439
PUT 1443854 24 1 2020 0 0 14 1569439
PUT 1443853 23 1 2020 0 0 14 1569439
PUT 1443852 22 1 2020 0 0 14 1569439
PUT 1443851 21 1 2020 0 0 14 1569439
PUT 1443850 20 1 2020 0 0 14 1569439
PUT 1443849 19 1 2020 0 0 14 1569439
PUT 1443848 18 1 2020 0 0 14 1569439
PUT 1443847 17 1 2020 0 0 14 1569439
PUT 1443846 16 1 2020 0 0 14 1569439
PUT 1443845 15 1 2020 0 0 14 1569439
PUT 1443844 14 1 2020 0 0 14 1569439
PUT 1443843 13 1 2020 0 0 14 1569439
PUT 1443842 12 1 2020 0 0 14 1569439
PUT 1443841 11 1 2020 0 0 14 1569439
PUT 1443840 10 1 2020 0 0 14 1569439
PUT 1443839 9 1 2020 0 0 14 1569439
PUT 1443838 8 1 2020 0 0 14 1569439
PUT 1443837 7 1 2020 0 0 14 1569439
PUT 1443836 6 1 2020 0 0 14 1569439
PUT 1443835 5 1 2020 0 0 14 1569439
PUT 1443834 4 1 2020 0 0 14 1569439
PUT 1443833 3 1 2020 0 0 14 1569439
PUT 1443832 2 1 2020 0 0 14 1569439
PUT 1443831 1 1 2020 0 0 14 1569439
PUT 1443830 31 12 2019 0 0 14 1569439
PUT 1543931 10 4 2020 112 1 15 161356039
PUT 1543930 9 4 2020 54 3 15 161356039
PUT 1543929 8 4 2020 41 5 15 161356039
PUT 1543928 7 4 2020 35 3 15 161356039
PUT 1543927 6 4 2020 18 1 15 161356039
PUT 1543926 5 4 2020 9 2 15 161356039
PUT 1543925 4 4 2020 5 0 15 161356039
PUT 1543924 3 4 2020 2 0 15 161356039
PUT 1543923 2 4 2020 3 1 15 161356039
PUT 1543922 1 4 2020 2 0 15 161356039
PUT 1543921 31 3 2020 0 0 15 161356039
PUT 1543920 30 3 2020 1 0 15 161356039
PUT 1543919 29 3 2020 0 0 15 161356039
PUT 1543918 28 3 2020 0 0 15 161356039
PUT 1543917 27 3 2020 9 0 15 161356039
PUT 1543916 26 3 2020 0 1 15 161356039
PUT 1543915 25 3 2020 6 1 15 161356039
PUT 1543914 24 3 2020 6 0 15 161356039
PUT 1543913 23 3 2020 3 1 15 161356039
PUT 1543912 22 3 2020 7 2 15 161356039
PUT 1543911 21 3 2020 7 0 15 161356039
PUT 1543910 20 3 2020 0 0 15 161356039
PUT 1543909 19 3 2020 2 0 15 161356039
PUT 1543908 18 3 2020 3 0 15 161356039
PUT 1543907 17 3 2020 2 0 15 161356039
PUT 1543905 15 3 2020 0 0 15 161356039
PUT 1543899 9 3 2020 3 0 15 161356039
PUT 1643931 10 4 2020 3 0 16 286641
PUT 1643930 9 4 2020 0 0 16 286641
PUT 1643929 8 4 2020 3 1 16 286641
PUT 1643928 7 4 2020 4 1 16 286641
PUT 1643927 6 4 2020 5 1 16 286641
PUT 1643926 5 4 2020 6 0 16 286641
PUT 1643925 4 4 2020 0 0 16 286641
PUT 1643924 3 4 2020 0 0 16 286641
PUT 1643923 2 4 2020 11 0 16 286641
PUT 1643922 1 4 2020 0 0 16 286641
PUT 1643921 31 3 2020 1 0 16 286641
PUT 1643920 30 3 2020 7 0 16 286641
PUT 1643919 29 3 2020 2 0 16 286641
PUT 1643918 28 3 2020 0 0 16 286641
PUT 1643917 27 3 2020 6 0 16 286641
PUT 1643916 26 3 2020 0 0 16 286641
PUT 1643915 25 3 2020 1 0 16 286641
PUT 1643914 24 3 2020 0 0 16 286641
PUT 1643913 23 3 2020 3 0 16 286641
PUT 1643912 22 3 2020 8 0 16 286641
PUT 1643911 21 3 2020 4 0 16 286641
PUT 1643910 20 3 2020 1 0 16 286641
PUT 1643909 19 3 2020 0 0 16 286641
PUT 1643908 18 3 2020 1 0 16 286641
PUT 1743931 10 4 2020 420 3 17 9485386
PUT 1743930 9 4 2020 205 0 17 9485386
PUT 1743929 8 4 2020 161 0 17 9485386
PUT 1743928 7 4 2020 136 5 17 9485386
PUT 1743927 6 4 2020 170 3 17 9485386
PUT 1743926 5 4 2020 43 1 17 9485386
PUT 1743925 4 4 2020 97 0 17 9485386
PUT 1743924 3 4 2020 102 4 17 9485386
PUT 1743923 2 4 2020 0 0 17 9485386
PUT 1743922 1 4 2020 47 0 17 9485386
PUT 1743921 31 3 2020 11 0 17 9485386
PUT 1743920 30 3 2020 0 0 17 9485386
PUT 1743919 29 3 2020 0 0 17 9485386
PUT 1743918 28 3 2020 8 0 17 9485386
PUT 1743917 27 3 2020 0 0 17 9485386
PUT 1743916 26 3 2020 5 0 17 9485386
PUT 1743915 25 3 2020 0 0 17 9485386
PUT 1743914 24 3 2020 5 0 17 9485386
PUT 1743913 23 3 2020 0 0 17 9485386
PUT 1743912 22 3 2020 19 0 17 9485386
PUT 1743911 21 3 2020 0 0 17 9485386
PUT 1743910 20 3 2020 11 0 17 9485386
PUT 1743909 19 3 2020 10 0 17 9485386
PUT 1743908 18 3 2020 0 0 17 9485386
PUT 1743907 17 3 2020 9 0 17 9485386
PUT 1743906 16 3 2020 6 0 17 9485386
PUT 1743903 13 3 2020 9 0 17 9485386
PUT 1743902 12 3 2020 3 0 17 9485386
PUT 1743901 11 3 2020 3 0 17 9485386
PUT 1743895 5 3 2020 2 0 17 9485386
PUT 1743894 4 3 2020 3 0 17 9485386
PUT 1743892 2 3 2020 0 0 17 9485386
PUT 1743891 1 3 2020 0 0 17 9485386
PUT 1743890 29 2 2020 0 0 17 9485386
PUT 1743889 28 2 2020 1 0 17 9485386
PUT 1743888 27 2 2020 0 0 17 9485386
PUT 1743887 26 2 2020 0 0 17 9485386
PUT 1743886 25 2 2020 0 0 17 9485386
PUT 1743885 24 2 2020 0 0 17 9485386
PUT 1743884 23 2 2020 0 0 17 9485386
PUT 1743883 22 2 2020 0 0 17 9485386
PUT 1743882 21 2 2020 0 0 17 9485386
PUT 1743881 20 2 2020 0 0 17 9485386
PUT 1743880 19 2 2020 0 0 17 9485386
PUT 1743879 18 2 2020 0 0 17 9485386
PUT 1743878 17 2 2020 0 0 17 9485386
PUT 1743877 16 2 2020 0 0 17 9485386
PUT 1743876 15 2 2020 0 0 17 9485386
PUT 1743875 14 2 2020 0 0 17 9485386
PUT 1743874 13 2 2020 0 0 17 9485386
PUT 1743873 12 2 2020 0 0 17 9485386
PUT 1743872 11 2 2020 0 0 17 9485386
PUT 1743871 10 2 2020 0 0 17 9485386
PUT 1743870 9 2 2020 0 0 17 9485386
PUT 1743869 8 2 2020 0 0 17 9485386
PUT 1743868 7 2 2020 0 0 17 9485386
PUT 1743867 6 2 2020 0 0 17 9485386
PUT 1743866 5 2 2020 0 0 17 9485386
PUT 1743865 4 2 2020 0 0 17 9485386
PUT 1743864 3 2 2020 0 0 17 9485386
PUT 1743863 2 2 2020 0 0 17 9485386
PUT 1743862 1 2 2020 0 0 17 9485386
PUT 1743861 31 1 2020 0 0 17 9485386
PUT 1743860 30 1 2020 0 0 17 9485386
PUT 1743859 29 1 2020 0 0 17 9485386
PUT 1743858 28 1 2020 0 0 17 9485386
PUT 1743857 27 1 2020 0 0 17 9485386
PUT 1743856 26 1 2020 0 0 17 9485386
PUT 1743855 25 1 2020 0 0 17 9485386
PUT 1743854 24 1 2020 0 0 17 9485386
PUT 1743853 23 1 2020 0 0 17 9485386
PUT 1743852 22 1 2020 0 0 17 9485386
PUT 1743851 21 1 2020 0 0 17 9485386
PUT 1743850 20 1 2020 0 0 17 9485386
PUT 1743849 19 1 2020 0 0 17 9485386
PUT 1743848 18 1 2020 0 0 17 9485386
PUT 1743847 17 1 2020 0 0 17 9485386
PUT 1743846 16 1 2020 0 0 17 9485386
PUT 1743845 15 1 2020 0 0 17 9485386
PUT 1743844 14 1 2020 0 0 17 9485386
PUT 1743843 13 1 2020 0 0 17 9485386
PUT 1743842 12 1 2020 0 0 17 9485386
PUT 1743841 11 1 2020 0 0 17 9485386
PUT 1743840 10 1 2020 0 0 17 9485386
PUT 1743839 9 1 2020 0 0 17 9485386
PUT 1743838 8 1 2020 0 0 17 9485386
PUT 1743837 7 1 2020 0 0 17 9485386
PUT 1743836 6 1 2020 0 0 17 9485386
PUT 1743835 5 1 2020 0 0 17 9485386
PUT 1743834 4 1 2020 0 0 17 9485386
PUT 1743833 3 1 2020 0 0 17 9485386
PUT 1743832 2 1 2020 0 0 17 9485386
PUT 1743831 1 1 2020 0 0 17 9485386
PUT 1743830 31 12 2019 0 0 17 9485386
PUT 1843931 10 4 2020 1580 283 18 11422068
PUT 1843930 9 4 2020 1209 205 18 11422068
PUT 1843929 8 4 2020 1380 403 18 11422068
PUT 1843928 7 4 2020 1123 185 18 11422068
PUT 1843927 6 4 2020 1260 164 18 11422068
PUT 1843926 5 4 2020 1661 140 18 11422068
PUT 1843925 4 4 2020 1422 132 18 11422068
PUT 1843924 3 4 2020 1384 183 18 11422068
PUT 1843923 2 4 2020 1189 123 18 11422068
PUT 1843922 1 4 2020 876 192 18 11422068
PUT 1843921 31 3 2020 1063 82 18 11422068
PUT 1843920 30 3 2020 1702 78 18 11422068
PUT 1843919 29 3 2020 1850 64 18 11422068
PUT 1843918 28 3 2020 1049 69 18 11422068
PUT 1843917 27 3 2020 1298 42 18 11422068
PUT 1843916 26 3 2020 668 56 18 11422068
PUT 1843915 25 3 2020 526 34 18 11422068
PUT 1843914 24 3 2020 342 13 18 11422068
PUT 1843913 23 3 2020 586 8 18 11422068
PUT 1843912 22 3 2020 558 30 18 11422068
PUT 1843911 21 3 2020 462 16 18 11422068
PUT 1843910 20 3 2020 309 7 18 11422068
PUT 1843909 19 3 2020 243 9 18 11422068
PUT 1843908 18 3 2020 158 0 18 11422068
PUT 1843907 17 3 2020 199 1 18 11422068
PUT 1843906 16 3 2020 197 0 18 11422068
PUT 1843905 15 3 2020 130 1 18 11422068
PUT 1843904 14 3 2020 160 0 18 11422068
PUT 1843903 13 3 2020 85 0 18 11422068
PUT 1843902 12 3 2020 47 3 18 11422068
PUT 1843901 11 3 2020 28 0 18 11422068
PUT 1843900 10 3 2020 39 0 18 11422068
PUT 1843899 9 3 2020 31 0 18 11422068
PUT 1843898 8 3 2020 60 0 18 11422068
PUT 1843897 7 3 2020 59 0 18 11422068
PUT 1843896 6 3 2020 27 0 18 11422068
PUT 1843895 5 3 2020 10 0 18 11422068
PUT 1843894 4 3 2020 5 0 18 11422068
PUT 1843893 3 3 2020 6 0 18 11422068
PUT 1843892 2 3 2020 1 0 18 11422068
PUT 1843891 1 3 2020 0 0 18 11422068
PUT 1843890 29 2 2020 0 0 18 11422068
PUT 1843889 28 2 2020 0 0 18 11422068
PUT 1843888 27 2 2020 0 0 18 11422068
PUT 1843887 26 2 2020 0 0 18 11422068
PUT 1843886 25 2 2020 0 0 18 11422068
PUT 1843885 24 2 2020 0 0 18 11422068
PUT 1843884 23 2 2020 0 0 18 11422068
PUT 1843883 22 2 2020 0 0 18 11422068
PUT 1843882 21 2 2020 0 0 18 11422068
PUT 1843881 20 2 2020 0 0 18 11422068
PUT 1843880 19 2 2020 0 0 18 11422068
PUT 1843879 18 2 2020 0 0 18 11422068
PUT 1843878 17 2 2020 0 0 18 11422068
PUT 1843877 16 2 2020 0 0 18 11422068
PUT 1843876 15 2 2020 0 0 18 11422068
PUT 1843875 14 2 2020 0 0 18 11422068
PUT 1843874 13 2 2020 0 0 18 11422068
PUT 1843873 12 2 2020 0 0 18 11422068
PUT 1843872 11 2 2020 0 0 18 11422068
PUT 1843871 10 2 2020 0 0 18 11422068
PUT 1843870 9 2 2020 0 0 18 11422068
PUT 1843869 8 2 2020 0 0 18 11422068
PUT 1843868 7 2 2020 0 0 18 11422068
PUT 1843867 6 2 2020 0 0 18 11422068
PUT 1843866 5 2 2020 0 0 18 11422068
PUT 1843865 4 2 2020 1 0 18 11422068
PUT 1843864 3 2 2020 0 0 18 11422068
PUT 1843863 2 2 2020 0 0 18 11422068
PUT 1843862 1 2 2020 0 0 18 11422068
PUT 1843861 31 1 2020 0 0 18 11422068
PUT 1843860 30 1 2020 0 0 18 11422068
PUT 1843859 29 1 2020 0 0 18 11422068
PUT 1843858 28 1 2020 0 0 18 11422068
PUT 1843857 27 1 2020 0 0 18 11422068
PUT 1843856 26 1 2020 0 0 18 11422068
PUT 1843855 25 1 2020 0 0 18 11422068
PUT 1843854 24 1 2020 0 0 18 11422068
PUT 1843853 23 1 2020 0 0 18 11422068
PUT 1843852 22 1 2020 0 0 18 11422068
PUT 1843851 21 1 2020 0 0 18 11422068
PUT 1843850 20 1 2020 0 0 18 11422068
PUT 1843849 19 1 2020 0 0 18 11422068
PUT 1843848 18 1 2020 0 0 18 11422068
PUT 1843847 17 1 2020 0 0 18 11422068
PUT 1843846 16 1 2020 0 0 18 11422068
PUT 1843845 15 1 2020 0 0 18 11422068
PUT 1843844 14 1 2020 0 0 18 11422068
PUT 1843843 13 1 2020 0 0 18 11422068
PUT 1843842 12 1 2020 0 0 18 11422068
PUT 1843841 11 1 2020 0 0 18 11422068
PUT 1843840 10 1 2020 0 0 18 11422068
PUT 1843839 9 1 2020 0 0 18 11422068
PUT 1843838 8 1 2020 0 0 18 11422068
PUT 1843837 7 1 2020 0 0 18 11422068
PUT 1843836 6 1 2020 0 0 18 11422068
PUT 1843835 5 1 2020 0 0 18 11422068
PUT 1843834 4 1 2020 0 0 18 11422068
PUT 1843833 3 1 2020 0 0 18 11422068
PUT 1843832 2 1 2020 0 0 18 11422068
PUT 1843831 1 1 2020 0 0 18 11422068
PUT 1843830 31 12 2019 0 0 18 11422068
PUT 1943931 10 4 2020 1 0 19 383071
PUT 1943930 9 4 2020 1 0 19 383071
PUT 1943929 8 4 2020 0 0 19 383071
PUT 1943928 7 4 2020 2 0 19 383071
PUT 1943927 6 4 2020 1 1 19 383071
PUT 1943926 5 4 2020 0 0 19 383071
PUT 1943925 4 4 2020 1 0 19 383071
PUT 1943924 3 4 2020 0 0 19 383071
PUT 1943923 2 4 2020 0 0 19 383071
PUT 1943922 1 4 2020 0 0 19 383071
PUT 1943921 31 3 2020 1 0 19 383071
PUT 1943920 30 3 2020 0 0 19 383071
PUT 1943919 29 3 2020 0 0 19 383071
PUT 1943918 28 3 2020 0 0 19 383071
PUT 1943917 27 3 2020 0 0 19 383071
PUT 1943916 26 3 2020 1 0 19 383071
PUT 1943915 25 3 2020 0 0 19 383071
PUT 1943914 24 3 2020 1 0 19 383071
PUT 2043931 10 4 2020 4 0 20 11485048
PUT 2043930 9 4 2020 0 0 20 11485048
PUT 2043929 8 4 2020 0 0 20 11485048
PUT 2043928 7 4 2020 4 1 20 11485048
PUT 2043927 6 4 2020 6 0 20 11485048
PUT 2043926 5 4 2020 0 0 20 11485048
PUT 2043925 4 4 2020 3 0 20 11485048
PUT 2043924 3 4 2020 0 0 20 11485048
PUT 2043923 2 4 2020 5 0 20 11485048
PUT 2043922 1 4 2020 2 0 20 11485048
PUT 2043921 31 3 2020 0 0 20 11485048
PUT 2043920 30 3 2020 0 0 20 11485048
PUT 2043919 29 3 2020 0 0 20 11485048
PUT 2043918 28 3 2020 0 0 20 11485048
PUT 2043917 27 3 2020 1 0 20 11485048
PUT 2043916 26 3 2020 0 0 20 11485048
PUT 2043915 25 3 2020 0 0 20 11485048
PUT 2043914 24 3 2020 3 0 20 11485048
PUT 2043913 23 3 2020 0 0 20 11485048
PUT 2043912 22 3 2020 0 0 20 11485048
PUT 2043911 21 3 2020 0 0 20 11485048
PUT 2043910 20 3 2020 1 0 20 11485048
PUT 2043909 19 3 2020 0 0 20 11485048
PUT 2043908 18 3 2020 0 0 20 11485048
PUT 2043907 17 3 2020 1 0 20 11485048
PUT 2143931 10 4 2020 9 1 21 63968
PUT 2143930 9 4 2020 0 1 21 63968
PUT 2143929 8 4 2020 0 0 21 63968
PUT 2143928 7 4 2020 2 2 21 63968
PUT 2143927 6 4 2020 0 0 21 63968
PUT 2143926 5 4 2020 2 0 21 63968
PUT 2143925 4 4 2020 0 0 21 63968
PUT 2143924 3 4 2020 3 0 21 63968
PUT 2143923 2 4 2020 0 0 21 63968
PUT 2143922 1 4 2020 5 0 21 63968
PUT 2143921 31 3 2020 5 0 21 63968
PUT 2143920 30 3 2020 0 0 21 63968
PUT 2143919 29 3 2020 5 0 21 63968
PUT 2143918 28 3 2020 2 0 21 63968
PUT 2143917 27 3 2020 9 0 21 63968
PUT 2143916 26 3 2020 0 0 21 63968
PUT 2143915 25 3 2020 0 0 21 63968
PUT 2143914 24 3 2020 0 0 21 63968
PUT 2143913 23 3 2020 4 0 21 63968
PUT 2143912 22 3 2020 0 0 21 63968
PUT 2143911 21 3 2020 0 0 21 63968
PUT 2143910 20 3 2020 2 0 21 63968
PUT 2243931 10 4 2020 0 0 22 754394
PUT 2243930 9 4 2020 0 0 22 754394
PUT 2243929 8 4 2020 0 0 22 754394
PUT 2243928 7 4 2020 0 0 22 754394
PUT 2243927 6 4 2020 0 0 22 754394
PUT 2243926 5 4 2020 0 0 22 754394
PUT 2243925 4 4 2020 0 0 22 754394
PUT 2243924 3 4 2020 0 0 22 754394
PUT 2243923 2 4 2020 1 0 22 754394
PUT 2243922 1 4 2020 0 0 22 754394
PUT 2243921 31 3 2020 0 0 22 754394
PUT 2243920 30 3 2020 0 0 22 754394
PUT 2243919 29 3 2020 1 0 22 754394
PUT 2243918 28 3 2020 0 0 22 754394
PUT 2243917 27 3 2020 0 0 22 754394
PUT 2243916 26 3 2020 1 0 22 754394
PUT 2243915 25 3 2020 0 0 22 754394
PUT 2243914 24 3 2020 0 0 22 754394
PUT 2243913 23 3 2020 0 0 22 754394
PUT 2243912 22 3 2020 0 0 22 754394
PUT 2243911 21 3 2020 1 0 22 754394
PUT 2243910 20 3 2020 0 0 22 754394
PUT 2243909 19 3 2020 0 0 22 754394
PUT 2243908 18 3 2020 0 0 22 754394
PUT 2243907 17 3 2020 0 0 22 754394
PUT 2243905 15 3 2020 0 0 22 754394
PUT 2243903 13 3 2020 0 0 22 754394
PUT 2243896 6 3 2020 1 0 22 754394
PUT 2343931 10 4 2020 4 1 23 11353142
PUT 2343930 9 4 2020 54 3 23 11353142
PUT 2343929 8 4 2020 16 1 23 11353142
PUT 2343928 7 4 2020 11 3 23 11353142
PUT 2343927 6 4 2020 26 1 23 11353142
PUT 2343926 5 4 2020 18 0 23 11353142
PUT 2343925 4 4 2020 7 1 23 11353142
PUT 2343924 3 4 2020 9 1 23 11353142
PUT 2343923 2 4 2020 8 1 23 11353142
PUT 2343922 1 4 2020 8 1 23 11353142
PUT 2343921 31 3 2020 11 3 23 11353142
PUT 2343920 30 3 2020 15 3 23 11353142
PUT 2343919 29 3 2020 7 0 23 11353142
PUT 2343918 28 3 2020 13 0 23 11353142
PUT 2343917 27 3 2020 22 0 23 11353142
PUT 2343916 26 3 2020 7 0 23 11353142
PUT 2343915 25 3 2020 4 0 23 11353142
PUT 2343914 24 3 2020 1 0 23 11353142
PUT 2343913 23 3 2020 7 0 23 11353142
PUT 2343912 22 3 2020 1 0 23 11353142
PUT 2343911 21 3 2020 4 0 23 11353142
PUT 2343910 20 3 2020 3 0 23 11353142
PUT 2343909 19 3 2020 0 0 23 11353142
PUT 2343908 18 3 2020 1 0 23 11353142
PUT 2343907 17 3 2020 1 0 23 11353142
PUT 2343905 15 3 2020 0 0 23 11353142
PUT 2343904 14 3 2020 7 0 23 11353142
PUT 2343903 13 3 2020 1 0 23 11353142
PUT 2343902 12 3 2020 2 0 23 11353142
PUT 2443931 10 4 2020 0 0 24 0
PUT 2443930 9 4 2020 0 0 24 0
PUT 2443929 8 4 2020 0 0 24 0
PUT 2443928 7 4 2020 0 0 24 0
PUT 2443927 6 4 2020 0 0 24 0
PUT 2443926 5 4 2020 0 0 24 0
PUT 2443925 4 4 2020 0 0 24 0
PUT 2443924 3 4 2020 0 0 24 0
PUT 2443923 2 4 2020 2 0 24 0
PUT 2543931 10 4 2020 59 1 25 3323929
PUT 2543930 9 4 2020 35 3 25 3323929
PUT 2543929 8 4 2020 86 4 25 3323929
PUT 2543928 7 4 2020 32 4 25 3323929
PUT 2543927 6 4 2020 31 3 25 3323929
PUT 2543926 5 4 2020 46 3 25 3323929
PUT 2543925 4 4 2020 54 1 25 3323929
PUT 2543924 3 4 2020 68 4 25 3323929
PUT 2543923 2 4 2020 51 1 25 3323929
PUT 2543922 1 4 2020 60 4 25 3323929
PUT 2543921 31 3 2020 30 2 25 3323929
PUT 2543920 30 3 2020 66 1 25 3323929
PUT 2543919 29 3 2020 28 2 25 3323929
PUT 2543918 28 3 2020 48 0 25 3323929
PUT 2543917 27 3 2020 0 0 25 3323929
PUT 2543916 26 3 2020 19 1 25 3323929
PUT 2543915 25 3 2020 33 1 25 3323929
PUT 2543914 24 3 2020 4 0 25 3323929
PUT 2543913 23 3 2020 33 0 25 3323929
PUT 2543912 22 3 2020 48 1 25 3323929
PUT 2543911 21 3 2020 0 0 25 3323929
PUT 2543910 20 3 2020 8 0 25 3323929
PUT 2543909 19 3 2020 15 0 25 3323929
PUT 2543908 18 3 2020 0 0 25 3323929
PUT 2543907 17 3 2020 3 0 25 3323929
PUT 2543906 16 3 2020 15 0 25 3323929
PUT 2543903 13 3 2020 0 0 25 3323929
PUT 2543902 12 3 2020 1 0 25 3323929
PUT 2543896 6 3 2020 2 0 25 3323929
PUT 2643931 10 4 2020 6 0 26 2254126
PUT 2643930 9 4 2020 1 0 26 2254126
PUT 2643929 8 4 2020 0 0 26 2254126
PUT 2643928 7 4 2020 0 0 26 2254126
PUT 2643927 6 4 2020 2 0 26 2254126
PUT 2643926 5 4 2020 0 0 26 2254126
PUT 2643925 4 4 2020 0 0 26 2254126
PUT 2643924 3 4 2020 0 0 26 2254126
PUT 2643923 2 4 2020 1 1 26 2254126
PUT 2643922 1 4 2020 3 0 26 2254126
PUT 2743931 10 4 2020 1930 141 27 209469333
PUT 2743930 9 4 2020 2210 133 27 209469333
PUT 2743929 8 4 2020 1661 114 27 209469333
PUT 2743928 7 4 2020 926 67 27 209469333
PUT 2743927 6 4 2020 852 54 27 209469333
PUT 2743926 5 4 2020 1222 73 27 209469333
PUT 2743925 4 4 2020 1146 60 27 209469333
PUT 2743924 3 4 2020 1074 58 27 209469333
PUT 2743923 2 4 2020 1119 40 27 209469333
PUT 2743922 1 4 2020 1138 42 27 209469333
PUT 2743921 31 3 2020 323 23 27 209469333
PUT 2743920 30 3 2020 352 22 27 209469333
PUT 2743919 29 3 2020 487 22 27 209469333
PUT 2743918 28 3 2020 502 15 27 209469333
PUT 2743917 27 3 2020 482 20 27 209469333
PUT 2743916 26 3 2020 232 11 27 209469333
PUT 2743915 25 3 2020 310 12 27 209469333
PUT 2743914 24 3 2020 345 9 27 209469333
PUT 2743913 23 3 2020 418 7 27 209469333
PUT 2743912 22 3 2020 224 7 27 209469333
PUT 2743911 21 3 2020 283 5 27 209469333
PUT 2743910 20 3 2020 193 2 27 209469333
PUT 2743909 19 3 2020 137 3 27 209469333
PUT 2743908 18 3 2020 57 1 27 209469333
PUT 2743907 17 3 2020 34 0 27 209469333
PUT 2743906 16 3 2020 79 0 27 209469333
PUT 2743905 15 3 2020 23 0 27 209469333
PUT 2743904 14 3 2020 21 0 27 209469333
PUT 2743903 13 3 2020 25 0 27 209469333
PUT 2743902 12 3 2020 18 0 27 209469333
PUT 2743901 11 3 2020 9 0 27 209469333
PUT 2743899 9 3 2020 12 0 27 209469333
PUT 2743898 8 3 2020 0 0 27 209469333
PUT 2743897 7 3 2020 5 0 27 209469333
PUT 2743896 6 3 2020 5 0 27 209469333
PUT 2743895 5 3 2020 1 0 27 209469333
PUT 2743892 2 3 2020 0 0 27 209469333
PUT 2743891 1 3 2020 1 0 27 209469333
PUT 2743890 29 2 2020 0 0 27 209469333
PUT 2743889 28 2 2020 0 0 27 209469333
PUT 2743888 27 2 2020 0 0 27 209469333
PUT 2743887 26 2 2020 1 0 27 209469333
PUT 2743886 25 2 2020 0 0 27 209469333
PUT 2743885 24 2 2020 0 0 27 209469333
PUT 2743884 23 2 2020 0 0 27 209469333
PUT 2743883 22 2 2020 0 0 27 209469333
PUT 2743882 21 2 2020 0 0 27 209469333
PUT 2743881 20 2 2020 0 0 27 209469333
PUT 2743880 19 2 2020 0 0 27 209469333
PUT 2743879 18 2 2020 0 0 27 209469333
PUT 2743878 17 2 2020 0 0 27 209469333
PUT 2743877 16 2 2020 0 0 27 209469333
PUT 2743876 15 2 2020 0 0 27 209469333
PUT 2743875 14 2 2020 0 0 27 209469333
PUT 2743874 13 2 2020 0 0 27 209469333
PUT 2743873 12 2 2020 0 0 27 209469333
PUT 2743872 11 2 2020 0 0 27 209469333
PUT 2743871 10 2 2020 0 0 27 209469333
PUT 2743870 9 2 2020 0 0 27 209469333
PUT 2743869 8 2 2020 0 0 27 209469333
PUT 2743868 7 2 2020 0 0 27 209469333
PUT 2743867 6 2 2020 0 0 27 209469333
PUT 2743866 5 2 2020 0 0 27 209469333
PUT 2743865 4 2 2020 0 0 27 209469333
PUT 2743864 3 2 2020 0 0 27 209469333
PUT 2743863 2 2 2020 0 0 27 209469333
PUT 2743862 1 2 2020 0 0 27 209469333
PUT 2743861 31 1 2020 0 0 27 209469333
PUT 2743860 30 1 2020 0 0 27 209469333
PUT 2743859 29 1 2020 0 0 27 209469333
PUT 2743858 28 1 2020 0 0 27 209469333
PUT 2743857 27 1 2020 0 0 27 209469333
PUT 2743856 26 1 2020 0 0 27 209469333
PUT 2743855 25 1 2020 0 0 27 209469333
PUT 2743854 24 1 2020 0 0 27 209469333
PUT 2743853 23 1 2020 0 0 27 209469333
PUT 2743852 22 1 2020 0 0 27 209469333
PUT 2743851 21 1 2020 0 0 27 209469333
PUT 2743850 20 1 2020 0 0 27 209469333
PUT 2743849 19 1 2020 0 0 27 209469333
PUT 2743848 18 1 2020 0 0 27 209469333
PUT 2743847 17 1 2020 0 0 27 209469333
PUT 2743846 16 1 2020 0 0 27 209469333
PUT 2743845 15 1 2020 0 0 27 209469333
PUT 2743844 14 1 2020 0 0 27 209469333
PUT 2743843 13 1 2020 0 0 27 209469333
PUT 2743842 12 1 2020 0 0 27 209469333
PUT 2743841 11 1 2020 0 0 27 209469333
PUT 2743840 10 1 2020 0 0 27 209469333
PUT 2743839 9 1 2020 0 0 27 209469333
PUT 2743838 8 1 2020 0 0 27 209469333
PUT 2743837 7 1 2020 0 0 27 209469333
PUT 2743836 6 1 2020 0 0 27 209469333
PUT 2743835 5 1 2020 0 0 27 209469333
PUT 2743834 4 1 2020 0 0 27 209469333
PUT 2743833 3 1 2020 0 0 27 209469333
PUT 2743832 2 1 2020 0 0 27 209469333
PUT 2743831 1 1 2020 0 0 27 209469333
PUT 2743830 31 12 2019 0 0 27 209469333
PUT 2843931 10 4 2020 0 0 28 29802
PUT 2843930 9 4 2020 0 0 28 29802
PUT 2843929 8 4 2020 0 0 28 29802
PUT 2843928 7 4 2020 0 0 28 29802
PUT 2843927 6 4 2020 0 0 28 29802
PUT 2843926 5 4 2020 0 0 28 29802
PUT 2843925 4 4 2020 0 0 28 29802
PUT 2843924 3 4 2020 0 0 28 29802
PUT 2843923 2 4 2020 0 0 28 29802
PUT 2843922 1 4 2020 0 0 28 29802
PUT 2843921 31 3 2020 1 0 28 29802
PUT 2843920 30 3 2020 0 0 28 29802
PUT 2843919 29 3 2020 0 0 28 29802
PUT 2843918 28 3 2020 0 0 28 29802
PUT 2843917 27 3 2020 2 0 28 29802
PUT 2943931 10 4 2020 0 0 29 428962
PUT 2943930 9 4 2020 0 0 29 428962
PUT 2943929 8 4 2020 0 0 29 428962
PUT 2943928 7 4 2020 0 0 29 428962
PUT 2943927 6 4 2020 0 0 29 428962
PUT 2943926 5 4 2020 2 0 29 428962
PUT 2943925 4 4 2020 0 0 29 428962
PUT 2943924 3 4 2020 2 0 29 428962
PUT 2943923 2 4 2020 2 0 29 428962
PUT 2943922 1 4 2020 2 0 29 428962
PUT 2943921 31 3 2020 1 0 29 428962
PUT 2943920 30 3 2020 6 0 29 428962
PUT 2943919 29 3 2020 5 1 29 428962
PUT 2943918 28 3 2020 1 0 29 428962
PUT 2943917 27 3 2020 7 0 29 428962
PUT 2943916 26 3 2020 3 0 29 428962
PUT 2943915 25 3 2020 13 0 29 428962
PUT 2943914 24 3 2020 3 0 29 428962
PUT 2943913 23 3 2020 5 0 29 428962
PUT 2943912 22 3 2020 5 0 29 428962
PUT 2943911 21 3 2020 5 0 29 428962
PUT 2943910 20 3 2020 5 0 29 428962
PUT 2943909 19 3 2020 12 0 29 428962
PUT 2943908 18 3 2020 2 0 29 428962
PUT 2943907 17 3 2020 4 0 29 428962
PUT 2943906 16 3 2020 10 0 29 428962
PUT 2943905 15 3 2020 3 0 29 428962
PUT 2943904 14 3 2020 12 0 29 428962
PUT 2943903 13 3 2020 14 0 29 428962
PUT 2943902 12 3 2020 10 0 29 428962
PUT 2943900 10 3 2020 1 0 29 428962
PUT 3043931 10 4 2020 31 0 30 7024216
PUT 3043930 9 4 2020 16 1 30 7024216
PUT 3043929 8 4 2020 28 1 30 7024216
PUT 3043928 7 4 2020 18 2 30 7024216
PUT 3043927 6 4 2020 28 3 30 7024216
PUT 3043926 5 4 2020 18 3 30 7024216
PUT 3043925 4 4 2020 28 4 30 7024216
PUT 3043924 3 4 2020 35 0 30 7024216
PUT 3043923 2 4 2020 23 2 30 7024216
PUT 3043922 1 4 2020 40 0 30 7024216
PUT 3043921 31 3 2020 13 0 30 7024216
PUT 3043920 30 3 2020 15 1 30 7024216
PUT 3043919 29 3 2020 38 4 30 7024216
PUT 3043918 28 3 2020 29 0 30 7024216
PUT 3043917 27 3 2020 22 0 30 7024216
PUT 3043916 26 3 2020 22 0 30 7024216
PUT 3043915 25 3 2020 19 0 30 7024216
PUT 3043914 24 3 2020 16 0 30 7024216
PUT 3043913 23 3 2020 22 0 30 7024216
PUT 3043912 22 3 2020 36 0 30 7024216
PUT 3043911 21 3 2020 22 0 30 7024216
PUT 3043910 20 3 2020 13 1 30 7024216
PUT 3043909 19 3 2020 11 0 30 7024216
PUT 3043908 18 3 2020 19 0 30 7024216
PUT 3043907 17 3 2020 11 0 30 7024216
PUT 3043906 16 3 2020 10 0 30 7024216
PUT 3043905 15 3 2020 10 1 30 7024216
PUT 3043904 14 3 2020 8 0 30 7024216
PUT 3043903 13 3 2020 16 0 30 7024216
PUT 3043902 12 3 2020 3 1 30 7024216
PUT 3043899 9 3 2020 2 0 30 7024216
PUT 3043898 8 3 2020 2 0 30 7024216
PUT 3143931 10 4 2020 29 1 31 19751535
PUT 3143930 9 4 2020 30 4 31 19751535
PUT 3143929 8 4 2020 20 2 31 19751535
PUT 3143928 7 4 2020 19 0 31 19751535
PUT 3143927 6 4 2020 43 1 31 19751535
PUT 3143926 5 4 2020 14 0 31 19751535
PUT 3143925 4 4 2020 0 0 31 19751535
PUT 3143924 3 4 2020 27 2 31 19751535
PUT 3143923 2 4 2020 15 2 31 19751535
PUT 3143922 1 4 2020 24 0 31 19751535
PUT 3143921 31 3 2020 42 3 31 19751535
PUT 3143920 30 3 2020 0 0 31 19751535
PUT 3143919 29 3 2020 34 6 31 19751535
PUT 3143918 28 3 2020 0 0 31 19751535
PUT 3143917 27 3 2020 32 0 31 19751535
PUT 3143916 26 3 2020 15 0 31 19751535
PUT 3143915 25 3 2020 24 0 31 19751535
PUT 3143914 24 3 2020 11 0 31 19751535
PUT 3143913 23 3 2020 0 0 31 19751535
PUT 3143912 22 3 2020 24 2 31 19751535
PUT 3143911 21 3 2020 7 0 31 19751535
PUT 3143910 20 3 2020 7 0 31 19751535
PUT 3143909 19 3 2020 6 1 31 19751535
PUT 3143908 18 3 2020 0 0 31 19751535
PUT 3143907 17 3 2020 17 0 31 19751535
PUT 3143906 16 3 2020 0 0 31 19751535
PUT 3143905 15 3 2020 1 0 31 19751535
PUT 3143902 12 3 2020 0 0 31 19751535
PUT 3143901 11 3 2020 2 0 31 19751535
PUT 3243931 10 4 2020 0 0 32 11175378
PUT 3243930 9 4 2020 0 0 32 11175378
PUT 3243929 8 4 2020 0 0 32 11175378
PUT 3243928 7 4 2020 0 0 32 11175378
PUT 3243927 6 4 2020 0 0 32 11175378
PUT 3243926 5 4 2020 0 0 32 11175378
PUT 3243925 4 4 2020 0 0 32 11175378
PUT 3243924 3 4 2020 1 0 32 11175378
PUT 3243923 2 4 2020 0 0 32 11175378
PUT 3243922 1 4 2020 2 0 32 11175378
PUT 3343931 10 4 2020 1 0 33 16249798
PUT 3343930 9 4 2020 1 0 33 16249798
PUT 3343929 8 4 2020 2 0 33 16249798
PUT 3343928 7 4 2020 1 0 33 16249798
PUT 3343927 6 4 2020 0 0 33 16249798
PUT 3343926 5 4 2020 0 0 33 16249798
PUT 3343925 4 4 2020 0 0 33 16249798
PUT 3343924 3 4 2020 4 0 33 16249798
PUT 3343923 2 4 2020 1 0 33 16249798
PUT 3343922 1 4 2020 0 0 33 16249798
PUT 3343921 31 3 2020 2 0 33 16249798
PUT 3343920 30 3 2020 4 0 33 16249798
PUT 3343919 29 3 2020 1 0 33 16249798
PUT 3343918 28 3 2020 4 0 33 16249798
PUT 3343917 27 3 2020 2 0 33 16249798
PUT 3343916 26 3 2020 5 0 33 16249798
PUT 3343915 25 3 2020 4 0 33 16249798
PUT 3343914 24 3 2020 1 0 33 16249798
PUT 3343913 23 3 2020 35 0 33 16249798
PUT 3343912 22 3 2020 4 0 33 16249798
PUT 3343911 21 3 2020 23 0 33 16249798
PUT 3343910 20 3 2020 0 0 33 16249798
PUT 3343909 19 3 2020 0 0 33 16249798
PUT 3343908 18 3 2020 0 0 33 16249798
PUT 3343907 17 3 2020 12 0 33 16249798
PUT 3343906 16 3 2020 5 0 33 16249798
PUT 3343905 15 3 2020 2 0 33 16249798
PUT 3343903 13 3 2020 2 0 33 16249798
PUT 3343902 12 3 2020 1 0 33 16249798
PUT 3343898 8 3 2020 1 0 33 16249798
PUT 3343892 2 3 2020 0 0 33 16249798
PUT 3343891 1 3 2020 0 0 33 16249798
PUT 3343890 29 2 2020 0 0 33 16249798
PUT 3343889 28 2 2020 0 0 33 16249798
PUT 3343888 27 2 2020 0 0 33 16249798
PUT 3343887 26 2 2020 0 0 33 16249798
PUT 3343886 25 2 2020 0 0 33 16249798
PUT 3343885 24 2 2020 0 0 33 16249798
PUT 3343884 23 2 2020 0 0 33 16249798
PUT 3343883 22 2 2020 0 0 33 16249798
PUT 3343882 21 2 2020 0 0 33 16249798
PUT 3343881 20 2 2020 0 0 33 16249798
PUT 3343880 19 2 2020 0 0 33 16249798
PUT 3343879 18 2 2020 0 0 33 16249798
PUT 3343878 17 2 2020 0 0 33 16249798
PUT 3343877 16 2 2020 0 0 33 16249798
PUT 3343876 15 2 2020 0 0 33 16249798
PUT 3343875 14 2 2020 0 0 33 16249798
PUT 3343874 13 2 2020 0 0 33 16249798
PUT 3343873 12 2 2020 0 0 33 16249798
PUT 3343872 11 2 2020 0 0 33 16249798
PUT 3343871 10 2 2020 0 0 33 16249798
PUT 3343870 9 2 2020 0 0 33 16249798
PUT 3343869 8 2 2020 0 0 33 16249798
PUT 3343868 7 2 2020 0 0 33 16249798
PUT 3343867 6 2 2020 0 0 33 16249798
PUT 3343866 5 2 2020 0 0 33 16249798
PUT 3343865 4 2 2020 0 0 33 16249798
PUT 3343864 3 2 2020 0 0 33 16249798
PUT 3343863 2 2 2020 0 0 33 16249798
PUT 3343862 1 2 2020 0 0 33 16249798
PUT 3343861 31 1 2020 0 0 33 16249798
PUT 3343860 30 1 2020 0 0 33 16249798
PUT 3343859 29 1 2020 0 0 33 16249798
PUT 3343858 28 1 2020 1 0 33 16249798
PUT 3343857 27 1 2020 0 0 33 16249798
PUT 3343856 26 1 2020 0 0 33 16249798
PUT 3343855 25 1 2020 0 0 33 16249798
PUT 3343854 24 1 2020 0 0 33 16249798
PUT 3343853 23 1 2020 0 0 33 16249798
PUT 3343852 22 1 2020 0 0 33 16249798
PUT 3343851 21 1 2020 0 0 33 16249798
PUT 3343850 20 1 2020 0 0 33 16249798
PUT 3343849 19 1 2020 0 0 33 16249798
PUT 3343848 18 1 2020 0 0 33 16249798
PUT 3343847 17 1 2020 0 0 33 16249798
PUT 3343846 16 1 2020 0 0 33 16249798
PUT 3343845 15 1 2020 0 0 33 16249798
PUT 3343844 14 1 2020 0 0 33 16249798
PUT 3343843 13 1 2020 0 0 33 16249798
PUT 3343842 12 1 2020 0 0 33 16249798
PUT 3343841 11 1 2020 0 0 33 16249798
PUT 3343840 10 1 2020 0 0 33 16249798
PUT 3343839 9 1 2020 0 0 33 16249798
PUT 3343838 8 1 2020 0 0 33 16249798
PUT 3343837 7 1 2020 0 0 33 16249798
PUT 3343836 6 1 2020 0 0 33 16249798
PUT 3343835 5 1 2020 0 0 33 16249798
PUT 3343834 4 1 2020 0 0 33 16249798
PUT 3343833 3 1 2020 0 0 33 16249798
PUT 3343832 2 1 2020 0 0 33 16249798
PUT 3343831 1 1 2020 0 0 33 16249798
PUT 3343830 31 12 2019 0 0 33 16249798
PUT 3443931 10 4 2020 0 0 34 25216237
PUT 3443930 9 4 2020 45 1 34 25216237
PUT 3443929 8 4 2020 27 0 34 25216237
PUT 3443928 7 4 2020 8 0 34 25216237
PUT 3443927 6 4 2020 95 0 34 25216237
PUT 3443926 5 4 2020 46 1 34 25216237
PUT 3443925 4 4 2020 238 1 34 25216237
PUT 3443924 3 4 2020 38 1 34 25216237
PUT 3443923 2 4 2020 40 0 34 25216237
PUT 3443922 1 4 2020 51 4 34 25216237
PUT 3443921 31 3 2020 43 0 34 25216237
PUT 3443920 30 3 2020 0 0 34 25216237
PUT 3443919 29 3 2020 11 1 34 25216237
PUT 3443918 28 3 2020 0 0 34 25216237
PUT 3443917 27 3 2020 16 0 34 25216237
PUT 3443916 26 3 2020 0 0 34 25216237
PUT 3443915 25 3 2020 16 1 34 25216237
PUT 3443914 24 3 2020 29 0 34 25216237
PUT 3443913 23 3 2020 0 0 34 25216237
PUT 3443912 22 3 2020 0 0 34 25216237
PUT 3443911 21 3 2020 13 0 34 25216237
PUT 3443910 20 3 2020 4 0 34 25216237
PUT 3443909 19 3 2020 0 0 34 25216237
PUT 3443908 18 3 2020 6 0 34 25216237
PUT 3443907 17 3 2020 0 0 34 25216237
PUT 3443906 16 3 2020 1 0 34 25216237
PUT 3443905 15 3 2020 1 0 34 25216237
PUT 3443899 9 3 2020 1 0 34 25216237
PUT 3443897 7 3 2020 1 0 34 25216237
PUT 3543931 10 4 2020 1474 74 35 37058856
PUT 3543930 9 4 2020 1391 55 35 37058856
PUT 3543929 8 4 2020 1230 57 35 37058856
PUT 3543928 7 4 2020 1157 43 35 37058856
PUT 3543927 6 4 2020 1614 49 35 37058856
PUT 3543926 5 4 2020 1363 44 35 37058856
PUT 3543925 4 4 2020 1251 49 35 37058856
PUT 3543924 3 4 2020 1673 29 35 37058856
PUT 3543923 2 4 2020 1059 13 35 37058856
PUT 3543922 1 4 2020 1112 7 35 37058856
PUT 3543921 31 3 2020 1169 28 35 37058856
PUT 3543920 30 3 2020 869 1 35 37058856
PUT 3543919 29 3 2020 711 7 35 37058856
PUT 3543918 28 3 2020 657 14 35 37058856
PUT 3543917 27 3 2020 633 4 35 37058856
PUT 3543916 26 3 2020 1426 8 35 37058856
PUT 3543915 25 3 2020 313 3 35 37058856
PUT 3543914 24 3 2020 216 4 35 37058856
PUT 3543913 23 3 2020 128 2 35 37058856
PUT 3543912 22 3 2020 331 6 35 37058856
PUT 3543911 21 3 2020 125 2 35 37058856
PUT 3543910 20 3 2020 156 1 35 37058856
PUT 3543909 19 3 2020 121 1 35 37058856
PUT 3543908 18 3 2020 145 4 35 37058856
PUT 3543907 17 3 2020 120 3 35 37058856
PUT 3543906 16 3 2020 60 0 35 37058856
PUT 3543905 15 3 2020 68 0 35 37058856
PUT 3543904 14 3 2020 38 0 35 37058856
PUT 3543903 13 3 2020 35 0 35 37058856
PUT 3543902 12 3 2020 10 0 35 37058856
PUT 3543901 11 3 2020 16 0 35 37058856
PUT 3543900 10 3 2020 15 1 35 37058856
PUT 3543899 9 3 2020 5 0 35 37058856
PUT 3543898 8 3 2020 6 0 35 37058856
PUT 3543897 7 3 2020 6 0 35 37058856
PUT 3543896 6 3 2020 12 0 35 37058856
PUT 3543895 5 3 2020 3 0 35 37058856
PUT 3543894 4 3 2020 3 0 35 37058856
PUT 3543893 3 3 2020 3 0 35 37058856
PUT 3543892 2 3 2020 4 0 35 37058856
PUT 3543891 1 3 2020 4 0 35 37058856
PUT 3543890 29 2 2020 2 0 35 37058856
PUT 3543889 28 2 2020 2 0 35 37058856
PUT 3543888 27 2 2020 1 0 35 37058856
PUT 3543887 26 2 2020 0 0 35 37058856
PUT 3543886 25 2 2020 2 0 35 37058856
PUT 3543885 24 2 2020 0 0 35 37058856
PUT 3543884 23 2 2020 0 0 35 37058856
PUT 3543883 22 2 2020 0 0 35 37058856
PUT 3543882 21 2 2020 1 0 35 37058856
PUT 3543881 20 2 2020 0 0 35 37058856
PUT 3543880 19 2 2020 0 0 35 37058856
PUT 3543879 18 2 2020 0 0 35 37058856
PUT 3543878 17 2 2020 0 0 35 37058856
PUT 3543877 16 2 2020 0 0 35 37058856
PUT 3543876 15 2 2020 1 0 35 37058856
PUT 3543875 14 2 2020 0 0 35 37058856
PUT 3543874 13 2 2020 0 0 35 37058856
PUT 3543873 12 2 2020 0 0 35 37058856
PUT 3543872 11 2 2020 0 0 35 37058856
PUT 3543871 10 2 2020 0 0 35 37058856
PUT 3543870 9 2 2020 0 0 35 37058856
PUT 3543869 8 2 2020 0 0 35 37058856
PUT 3543868 7 2 2020 2 0 35 37058856
PUT 3543867 6 2 2020 0 0 35 37058856
PUT 3543866 5 2 2020 1 0 35 37058856
PUT 3543865 4 2 2020 0 0 35 37058856
PUT 3543864 3 2 2020 0 0 35 37058856
PUT 3543863 2 2 2020 0 0 35 37058856
PUT 3543862 1 2 2020 1 0 35 37058856
PUT 3543861 31 1 2020 0 0 35 37058856
PUT 3543860 30 1 2020 0 0 35 37058856
PUT 3543859 29 1 2020 1 0 35 37058856
PUT 3543858 28 1 2020 1 0 35 37058856
PUT 3543857 27 1 2020 0 0 35 37058856
PUT 3543856 26 1 2020 1 0 35 37058856
PUT 3543855 25 1 2020 0 0 35 37058856
PUT 3543854 24 1 2020 0 0 35 37058856
PUT 3543853 23 1 2020 0 0 35 37058856
PUT 3543852 22 1 2020 0 0 35 37058856
PUT 3543851 21 1 2020 0 0 35 37058856
PUT 3543850 20 1 2020 0 0 35 37058856
PUT 3543849 19 1 2020 0 0 35 37058856
PUT 3543848 18 1 2020 0 0 35 37058856
PUT 3543847 17 1 2020 0 0 35 37058856
PUT 3543846 16 1 2020 0 0 35 37058856
PUT 3543845 15 1 2020 0 0 35 37058856
PUT 3543844 14 1 2020 0 0 35 37058856
PUT 3543843 13 1 2020 0 0 35 37058856
PUT 3543842 12 1 2020 0 0 35 37058856
PUT 3543841 11 1 2020 0 0 35 37058856
PUT 3543840 10 1 2020 0 0 35 37058856
PUT 3543839 9 1 2020 0 0 35 37058856
PUT 3543838 8 1 2020 0 0 35 37058856
PUT 3543837 7 1 2020 0 0 35 37058856
PUT 3543836 6 1 2020 0 0 35 37058856
PUT 3543835 5 1 2020 0 0 35 37058856
PUT 3543834 4 1 2020 0 0 35 37058856
PUT 3543833 3 1 2020 0 0 35 37058856
PUT 3543832 2 1 2020 0 0 35 37058856
PUT 3543831 1 1 2020 0 0 35 37058856
PUT 3543830 31 12 2019 0 0 35 37058856
PUT 3643931 10 4 2020 0 0 36 543767
PUT 3643930 9 4 2020 0 0 36 543767
PUT 3643929 8 4 2020 0 0 36 543767
PUT 3643928 7 4 2020 0 0 36 543767
PUT 3643927 6 4 2020 0 0 36 543767
PUT 3643926 5 4 2020 1 0 36 543767
PUT 3643925 4 4 2020 0 0 36 543767
PUT 3643924 3 4 2020 0 0 36 543767
PUT 3643923 2 4 2020 0 0 36 543767
PUT 3643922 1 4 2020 1 0 36 543767
PUT 3643921 31 3 2020 0 0 36 543767
PUT 3643920 30 3 2020 0 0 36 543767
PUT 3643919 29 3 2020 0 0 36 543767
PUT 3643918 28 3 2020 0 0 36 543767
PUT 3643917 27 3 2020 1 0 36 543767
PUT 3643916 26 3 2020 1 0 36 543767
PUT 3643915 25 3 2020 0 1 36 543767
PUT 3643914 24 3 2020 0 0 36 543767
PUT 3643913 23 3 2020 0 0 36 543767
PUT 3643912 22 3 2020 1 0 36 543767
PUT 3643911 21 3 2020 2 0 36 543767
PUT 3743900 10 3 2020 9 1 37 3000
PUT 3743892 2 3 2020 0 0 37 3000
PUT 3743891 1 3 2020 0 0 37 3000
PUT 3743890 29 2 2020 0 2 37 3000
PUT 3743889 28 2 2020 0 0 37 3000
PUT 3743888 27 2 2020 14 0 37 3000
PUT 3743887 26 2 2020 0 1 37 3000
PUT 3743886 25 2 2020 0 0 37 3000
PUT 3743885 24 2 2020 57 1 37 3000
PUT 3743884 23 2 2020 0 0 37 3000
PUT 3743883 22 2 2020 0 0 37 3000
PUT 3743882 21 2 2020 13 0 37 3000
PUT 3743881 20 2 2020 79 2 37 3000
PUT 3743880 19 2 2020 88 0 37 3000
PUT 3743879 18 2 2020 99 0 37 3000
PUT 3743878 17 2 2020 0 0 37 3000
PUT 3743877 16 2 2020 134 0 37 3000
PUT 3743876 15 2 2020 0 0 37 3000
PUT 3743875 14 2 2020 47 0 37 3000
PUT 3743874 13 2 2020 0 0 37 3000
PUT 3743873 12 2 2020 39 0 37 3000
PUT 3743872 11 2 2020 65 0 37 3000
PUT 3743871 10 2 2020 6 0 37 3000
PUT 3743870 9 2 2020 0 0 37 3000
PUT 3743869 8 2 2020 3 0 37 3000
PUT 3743868 7 2 2020 41 0 37 3000
PUT 3743867 6 2 2020 10 0 37 3000
PUT 3743866 5 2 2020 10 0 37 3000
PUT 3743865 4 2 2020 0 0 37 3000
PUT 3743864 3 2 2020 0 0 37 3000
PUT 3743863 2 2 2020 0 0 37 3000
PUT 3743862 1 2 2020 0 0 37 3000
PUT 3743861 31 1 2020 0 0 37 3000
PUT 3743860 30 1 2020 0 0 37 3000
PUT 3743859 29 1 2020 0 0 37 3000
PUT 3743858 28 1 2020 0 0 37 3000
PUT 3743857 27 1 2020 0 0 37 3000
PUT 3743856 26 1 2020 0 0 37 3000
PUT 3743855 25 1 2020 0 0 37 3000
PUT 3743854 24 1 2020 0 0 37 3000
PUT 3743853 23 1 2020 0 0 37 3000
PUT 3743852 22 1 2020 0 0 37 3000
PUT 3743851 21 1 2020 0 0 37 3000
PUT 3743850 20 1 2020 0 0 37 3000
PUT 3743849 19 1 2020 0 0 37 3000
PUT 3743848 18 1 2020 0 0 37 3000
PUT 3743847 17 1 2020 0 0 37 3000
PUT 3743846 16 1 2020 0 0 37 3000
PUT 3743845 15 1 2020 0 0 37 3000
PUT 3743844 14 1 2020 0 0 37 3000
PUT 3743843 13 1 2020 0 0 37 3000
PUT 3743842 12 1 2020 0 0 37 3000
PUT 3743841 11 1 2020 0 0 37 3000
PUT 3743840 10 1 2020 0 0 37 3000
PUT 3743839 9 1 2020 0 0 37 3000
PUT 3743838 8 1 2020 0 0 37 3000
PUT 3743837 7 1 2020 0 0 37 3000
PUT 3743836 6 1 2020 0 0 37 3000
PUT 3743835 5 1 2020 0 0 37 3000
PUT 3743834 4 1 2020 0 0 37 3000
PUT 3743833 3 1 2020 0 0 37 3000
PUT 3743832 2 1 2020 0 0 37 3000
PUT 3743831 1 1 2020 0 0 37 3000
PUT 3743830 31 12 2019 0 0 37 3000
PUT 3843931 10 4 2020 0 0 38 64174
PUT 3843930 9 4 2020 0 0 38 64174
PUT 3843929 8 4 2020 6 0 38 64174
PUT 3843928 7 4 2020 0 0 38 64174
PUT 3843927 6 4 2020 4 0 38 64174
PUT 3843926 5 4 2020 6 0 38 64174
PUT 3843925 4 4 2020 1 0 38 64174
PUT 3843924 3 4 2020 6 0 38 64174
PUT 3843923 2 4 2020 8 0 38 64174
PUT 3843922 1 4 2020 2 0 38 64174
PUT 3843921 31 3 2020 4 0 38 64174
PUT 3843920 30 3 2020 0 0 38 64174
PUT 3843919 29 3 2020 0 0 38 64174
PUT 3843918 28 3 2020 2 0 38 64174
PUT 3843917 27 3 2020 3 0 38 64174
PUT 3843916 26 3 2020 0 0 38 64174
PUT 3843915 25 3 2020 0 0 38 64174
PUT 3843914 24 3 2020 0 0 38 64174
PUT 3843913 23 3 2020 0 0 38 64174
PUT 3843912 22 3 2020 0 0 38 64174
PUT 3843911 21 3 2020 2 1 38 64174
PUT 3843910 20 3 2020 1 0 38 64174
PUT 3943931 10 4 2020 1 0 39 4666377
PUT 3943930 9 4 2020 1 0 39 4666377
PUT 3943929 8 4 2020 0 0 39 4666377
PUT 3943928 7 4 2020 0 0 39 4666377
PUT 3943927 6 4 2020 0 0 39 4666377
PUT 3943926 5 4 2020 1 0 39 4666377
PUT 3943925 4 4 2020 0 0 39 4666377
PUT 3943924 3 4 2020 0 0 39 4666377
PUT 3943923 2 4 2020 2 0 39 4666377
PUT 3943922 1 4 2020 0 0 39 4666377
PUT 3943921 31 3 2020 0 0 39 4666377
PUT 3943920 30 3 2020 0 0 39 4666377
PUT 3943919 29 3 2020 1 0 39 4666377
PUT 3943918 28 3 2020 0 0 39 4666377
PUT 3943917 27 3 2020 1 0 39 4666377
PUT 3943916 26 3 2020 0 0 39 4666377
PUT 3943915 25 3 2020 0 0 39 4666377
PUT 3943914 24 3 2020 0 0 39 4666377
PUT 3943913 23 3 2020 1 0 39 4666377
PUT 3943912 22 3 2020 2 0 39 4666377
PUT 3943911 21 3 2020 0 0 39 4666377
PUT 3943910 20 3 2020 0 0 39 4666377
PUT 3943909 19 3 2020 0 0 39 4666377
PUT 3943908 18 3 2020 0 0 39 4666377
PUT 3943907 17 3 2020 0 0 39 4666377
PUT 3943906 16 3 2020 1 0 39 4666377
PUT 4043931 10 4 2020 1 0 40 15477751
PUT 4043930 9 4 2020 1 0 40 15477751
PUT 4043929 8 4 2020 0 0 40 15477751
PUT 4043928 7 4 2020 0 0 40 15477751
PUT 4043927 6 4 2020 1 0 40 15477751
PUT 4043926 5 4 2020 1 0 40 15477751
PUT 4043925 4 4 2020 0 0 40 15477751
PUT 4043924 3 4 2020 0 0 40 15477751
PUT 4043923 2 4 2020 0 0 40 15477751
PUT 4043922 1 4 2020 0 0 40 15477751
PUT 4043921 31 3 2020 2 0 40 15477751
PUT 4043920 30 3 2020 0 0 40 15477751
PUT 4043919 29 3 2020 0 0 40 15477751
PUT 4043918 28 3 2020 0 0 40 15477751
PUT 4043917 27 3 2020 2 0 40 15477751
PUT 4043916 26 3 2020 0 0 40 15477751
PUT 4043915 25 3 2020 1 0 40 15477751
PUT 4043914 24 3 2020 0 0 40 15477751
PUT 4043913 23 3 2020 0 0 40 15477751
PUT 4043912 22 3 2020 1 0 40 15477751
PUT 4043911 21 3 2020 0 0 40 15477751
PUT 4043910 20 3 2020 1 0 40 15477751
PUT 4143931 10 4 2020 426 9 41 18729160
PUT 4143930 9 4 2020 430 5 41 18729160
PUT 4143929 8 4 2020 301 6 41 18729160
PUT 4143928 7 4 2020 344 3 41 18729160
PUT 4143927 6 4 2020 310 7 41 18729160
PUT 4143926 5 4 2020 424 5 41 18729160
PUT 4143925 4 4 2020 333 4 41 18729160
PUT 4143924 3 4 2020 373 2 41 18729160
PUT 4143923 2 4 2020 293 4 41 18729160
PUT 4143922 1 4 2020 289 4 41 18729160
PUT 4143921 31 3 2020 310 1 41 18729160
PUT 4143920 30 3 2020 230 1 41 18729160
PUT 4143919 29 3 2020 299 1 41 18729160
PUT 4143918 28 3 2020 304 1 41 18729160
PUT 4143917 27 3 2020 164 1 41 18729160
PUT 4143916 26 3 2020 220 1 41 18729160
PUT 4143915 25 3 2020 176 0 41 18729160
PUT 4143914 24 3 2020 114 1 41 18729160
PUT 4143913 23 3 2020 95 1 41 18729160
PUT 4143912 22 3 2020 103 0 41 18729160
PUT 4143911 21 3 2020 92 0 41 18729160
PUT 4143910 20 3 2020 104 0 41 18729160
PUT 4143909 19 3 2020 37 0 41 18729160
PUT 4143908 18 3 2020 45 0 41 18729160
PUT 4143907 17 3 2020 81 0 41 18729160
PUT 4143906 16 3 2020 14 0 41 18729160
PUT 4143905 15 3 2020 18 0 41 18729160
PUT 4143904 14 3 2020 10 0 41 18729160
PUT 4143903 13 3 2020 10 0 41 18729160
PUT 4143902 12 3 2020 6 0 41 18729160
PUT 4143901 11 3 2020 4 0 41 18729160
PUT 4143900 10 3 2020 3 0 41 18729160
PUT 4143899 9 3 2020 5 0 41 18729160
PUT 4143897 7 3 2020 1 0 41 18729160
PUT 4143896 6 3 2020 1 0 41 18729160
PUT 4143895 5 3 2020 2 0 41 18729160
PUT 4143894 4 3 2020 1 0 41 18729160
PUT 4243931 10 4 2020 55 1 42 1392730000
PUT 4243930 9 4 2020 86 2 42 1392730000
PUT 4243929 8 4 2020 86 2 42 1392730000
PUT 4243928 7 4 2020 56 0 42 1392730000
PUT 4243927 6 4 2020 67 2 42 1392730000
PUT 4243926 5 4 2020 48 3 42 1392730000
PUT 4243925 4 4 2020 62 4 42 1392730000
PUT 4243924 3 4 2020 70 10 42 1392730000
PUT 4243923 2 4 2020 100 6 42 1392730000
PUT 4243922 1 4 2020 54 1 42 1392730000
PUT 4243921 31 3 2020 84 3 42 1392730000
PUT 4243920 30 3 2020 98 2 42 1392730000
PUT 4243919 29 3 2020 113 5 42 1392730000
PUT 4243918 28 3 2020 119 3 42 1392730000
PUT 4243917 27 3 2020 94 5 42 1392730000
PUT 4243916 26 3 2020 102 6 42 1392730000
PUT 4243915 25 3 2020 78 4 42 1392730000
PUT 4243914 24 3 2020 69 7 42 1392730000
PUT 4243913 23 3 2020 138 9 42 1392730000
PUT 4243912 22 3 2020 65 6 42 1392730000
PUT 4243911 21 3 2020 52 6 42 1392730000
PUT 4243910 20 3 2020 99 4 42 1392730000
PUT 4243909 19 3 2020 44 8 42 1392730000
PUT 4243908 18 3 2020 23 16 42 1392730000
PUT 4243907 17 3 2020 43 9 42 1392730000
PUT 4243906 16 3 2020 25 13 42 1392730000
PUT 4243905 15 3 2020 22 9 42 1392730000
PUT 4243904 14 3 2020 19 15 42 1392730000
PUT 4243903 13 3 2020 22 7 42 1392730000
PUT 4243902 12 3 2020 24 11 42 1392730000
PUT 4243901 11 3 2020 29 22 42 1392730000
PUT 4243900 10 3 2020 20 17 42 1392730000
PUT 4243899 9 3 2020 45 23 42 1392730000
PUT 4243898 8 3 2020 46 27 42 1392730000
PUT 4243897 7 3 2020 101 28 42 1392730000
PUT 4243896 6 3 2020 170 30 42 1392730000
PUT 4243895 5 3 2020 117 31 42 1392730000
PUT 4243894 4 3 2020 119 37 42 1392730000
PUT 4243893 3 3 2020 127 32 42 1392730000
PUT 4243892 2 3 2020 205 42 42 1392730000
PUT 4243891 1 3 2020 574 35 42 1392730000
PUT 4243890 29 2 2020 428 47 42 1392730000
PUT 4243889 28 2 2020 329 44 42 1392730000
PUT 4243888 27 2 2020 439 29 42 1392730000
PUT 4243887 26 2 2020 410 52 42 1392730000
PUT 4243886 25 2 2020 515 70 42 1392730000
PUT 4243885 24 2 2020 218 150 42 1392730000
PUT 4243884 23 2 2020 647 98 42 1392730000
PUT 4243883 22 2 2020 826 109 42 1392730000
PUT 4243882 21 2 2020 891 118 42 1392730000
PUT 4243881 20 2 2020 394 112 42 1392730000
PUT 4243880 19 2 2020 1750 139 42 1392730000
PUT 4243879 18 2 2020 1890 98 42 1392730000
PUT 4243878 17 2 2020 2052 105 42 1392730000
PUT 4243877 16 2 2020 2007 142 42 1392730000
PUT 4243876 15 2 2020 2538 143 42 1392730000
PUT 4243875 14 2 2020 4156 13 42 1392730000
PUT 4243874 13 2 2020 15141 254 42 1392730000
PUT 4243873 12 2 2020 2028 97 42 1392730000
PUT 4243872 11 2 2020 2490 108 42 1392730000
PUT 4243871 10 2 2020 2974 97 42 1392730000
PUT 4243870 9 2 2020 2607 89 42 1392730000
PUT 4243869 8 2 2020 3418 86 42 1392730000
PUT 4243868 7 2 2020 3160 73 42 1392730000
PUT 4243867 6 2 2020 3727 72 42 1392730000
PUT 4243866 5 2 2020 3872 66 42 1392730000
PUT 4243865 4 2 2020 3237 65 42 1392730000
PUT 4243864 3 2 2020 2812 57 42 1392730000
PUT 4243863 2 2 2020 2590 45 42 1392730000
PUT 4243862 1 2 2020 2095 46 42 1392730000
PUT 4243861 31 1 2020 1980 43 42 1392730000
PUT 4243860 30 1 2020 1740 38 42 1392730000
PUT 4243859 29 1 2020 1466 26 42 1392730000
PUT 4243858 28 1 2020 1753 25 42 1392730000
PUT 4243857 27 1 2020 787 25 42 1392730000
PUT 4243856 26 1 2020 665 15 42 1392730000
PUT 4243855 25 1 2020 441 15 42 1392730000
PUT 4243854 24 1 2020 259 9 42 1392730000
PUT 4243853 23 1 2020 97 0 42 1392730000
PUT 4243852 22 1 2020 140 11 42 1392730000
PUT 4243851 21 1 2020 151 3 42 1392730000
PUT 4243850 20 1 2020 19 0 42 1392730000
PUT 4243849 19 1 2020 136 1 42 1392730000
PUT 4243848 18 1 2020 17 0 42 1392730000
PUT 4243847 17 1 2020 4 0 42 1392730000
PUT 4243846 16 1 2020 0 0 42 1392730000
PUT 4243845 15 1 2020 0 1 42 1392730000
PUT 4243844 14 1 2020 0 0 42 1392730000
PUT 4243843 13 1 2020 0 0 42 1392730000
PUT 4243842 12 1 2020 0 0 42 1392730000
PUT 4243841 11 1 2020 0 1 42 1392730000
PUT 4243840 10 1 2020 0 0 42 1392730000
PUT 4243839 9 1 2020 0 0 42 1392730000
PUT 4243838 8 1 2020 0 0 42 1392730000
PUT 4243837 7 1 2020 0 0 42 1392730000
PUT 4243836 6 1 2020 0 0 42 1392730000
PUT 4243835 5 1 2020 15 0 42 1392730000
PUT 4243834 4 1 2020 0 0 42 1392730000
PUT 4243833 3 1 2020 17 0 42 1392730000
PUT 4243832 2 1 2020 0 0 42 1392730000
PUT 4243831 1 1 2020 0 0 42 1392730000
PUT 4243830 31 12 2019 27 0 42 1392730000
PUT 4343931 10 4 2020 169 14 43 49648685
PUT 4343930 9 4 2020 274 5 43 49648685
PUT 4343929 8 4 2020 201 4 43 49648685
PUT 4343928 7 4 2020 94 11 43 49648685
PUT 4343927 6 4 2020 79 3 43 49648685
PUT 4343926 5 4 2020 139 7 43 49648685
PUT 4343925 4 4 2020 106 6 43 49648685
PUT 4343924 3 4 2020 96 2 43 49648685
PUT 4343923 2 4 2020 159 1 43 49648685
PUT 4343922 1 4 2020 108 2 43 49648685
PUT 4343921 31 3 2020 96 4 43 49648685
PUT 4343920 30 3 2020 94 4 43 49648685
PUT 4343919 29 3 2020 69 0 43 49648685
PUT 4343918 28 3 2020 48 0 43 49648685
PUT 4343917 27 3 2020 21 2 43 49648685
PUT 4343916 26 3 2020 92 1 43 49648685
PUT 4343915 25 3 2020 72 0 43 49648685
PUT 4343914 24 3 2020 71 1 43 49648685
PUT 4343913 23 3 2020 25 1 43 49648685
PUT 4343912 22 3 2020 52 1 43 49648685
PUT 4343911 21 3 2020 30 0 43 49648685
PUT 4343910 20 3 2020 26 0 43 49648685
PUT 4343909 19 3 2020 37 0 43 49648685
PUT 4343908 18 3 2020 8 0 43 49648685
PUT 4343907 17 3 2020 12 0 43 49648685
PUT 4343906 16 3 2020 11 0 43 49648685
PUT 4343905 15 3 2020 18 0 43 49648685
PUT 4343904 14 3 2020 7 0 43 49648685
PUT 4343902 12 3 2020 6 0 43 49648685
PUT 4343900 10 3 2020 2 0 43 49648685
PUT 4343897 7 3 2020 1 0 43 49648685
PUT 4443931 10 4 2020 0 0 44 5244363
PUT 4443930 9 4 2020 15 0 44 5244363
PUT 4443929 8 4 2020 0 0 44 5244363
PUT 4443928 7 4 2020 0 0 44 5244363
PUT 4443927 6 4 2020 0 0 44 5244363
PUT 4443926 5 4 2020 4 2 44 5244363
PUT 4443925 4 4 2020 0 0 44 5244363
PUT 4443924 3 4 2020 19 1 44 5244363
PUT 4443923 2 4 2020 0 0 44 5244363
PUT 4443922 1 4 2020 3 2 44 5244363
PUT 4443921 31 3 2020 0 0 44 5244363
PUT 4443920 30 3 2020 0 0 44 5244363
PUT 4443919 29 3 2020 15 0 44 5244363
PUT 4443918 28 3 2020 0 0 44 5244363
PUT 4443917 27 3 2020 0 0 44 5244363
PUT 4443916 26 3 2020 0 0 44 5244363
PUT 4443915 25 3 2020 0 0 44 5244363
PUT 4443914 24 3 2020 0 0 44 5244363
PUT 4443913 23 3 2020 0 0 44 5244363
PUT 4443912 22 3 2020 1 0 44 5244363
PUT 4443911 21 3 2020 0 0 44 5244363
PUT 4443910 20 3 2020 0 0 44 5244363
PUT 4443909 19 3 2020 2 0 44 5244363
PUT 4443908 18 3 2020 0 0 44 5244363
PUT 4443907 17 3 2020 0 0 44 5244363
PUT 4443906 16 3 2020 1 0 44 5244363
PUT 4543931 10 4 2020 37 1 45 4999441
PUT 4543930 9 4 2020 19 0 45 4999441
PUT 4543929 8 4 2020 16 0 45 4999441
PUT 4543928 7 4 2020 13 0 45 4999441
PUT 4543927 6 4 2020 19 0 45 4999441
PUT 4543926 5 4 2020 19 0 45 4999441
PUT 4543925 4 4 2020 20 0 45 4999441
PUT 4543924 3 4 2020 21 0 45 4999441
PUT 4543923 2 4 2020 28 0 45 4999441
PUT 4543922 1 4 2020 17 0 45 4999441
PUT 4543921 31 3 2020 16 0 45 4999441
PUT 4543920 30 3 2020 19 0 45 4999441
PUT 4543919 29 3 2020 32 0 45 4999441
PUT 4543918 28 3 2020 32 0 45 4999441
PUT 4543917 27 3 2020 30 0 45 4999441
PUT 4543916 26 3 2020 24 0 45 4999441
PUT 4543915 25 3 2020 19 0 45 4999441
PUT 4543914 24 3 2020 24 0 45 4999441
PUT 4543913 23 3 2020 17 0 45 4999441
PUT 4543912 22 3 2020 4 0 45 4999441
PUT 4543911 21 3 2020 26 1 45 4999441
PUT 4543910 20 3 2020 18 0 45 4999441
PUT 4543909 19 3 2020 19 1 45 4999441
PUT 4543908 18 3 2020 9 0 45 4999441
PUT 4543907 17 3 2020 6 0 45 4999441
PUT 4543906 16 3 2020 8 0 45 4999441
PUT 4543905 15 3 2020 1 0 45 4999441
PUT 4543904 14 3 2020 3 0 45 4999441
PUT 4543903 13 3 2020 1 0 45 4999441
PUT 4543902 12 3 2020 9 0 45 4999441
PUT 4543901 11 3 2020 4 0 45 4999441
PUT 4543900 10 3 2020 4 0 45 4999441
PUT 4543899 9 3 2020 4 0 45 4999441
PUT 4543897 7 3 2020 1 0 45 4999441
PUT 4643931 10 4 2020 60 0 46 25069229
PUT 4643930 9 4 2020 35 0 46 25069229
PUT 4643929 8 4 2020 26 0 46 25069229
PUT 4643928 7 4 2020 62 0 46 25069229
PUT 4643927 6 4 2020 16 1 46 25069229
PUT 4643926 5 4 2020 27 1 46 25069229
PUT 4643925 4 4 2020 24 0 46 25069229
PUT 4643924 3 4 2020 4 0 46 25069229
PUT 4643923 2 4 2020 22 0 46 25069229
PUT 4643922 1 4 2020 0 0 46 25069229
PUT 4643921 31 3 2020 3 0 46 25069229
PUT 4643920 30 3 2020 25 1 46 25069229
PUT 4643919 29 3 2020 39 0 46 25069229
PUT 4643918 28 3 2020 5 0 46 25069229
PUT 4643917 27 3 2020 16 0 46 25069229
PUT 4643916 26 3 2020 7 0 46 25069229
PUT 4643915 25 3 2020 48 0 46 25069229
PUT 4643914 24 3 2020 0 0 46 25069229
PUT 4643913 23 3 2020 8 0 46 25069229
PUT 4643912 22 3 2020 3 0 46 25069229
PUT 4643911 21 3 2020 5 0 46 25069229
PUT 4643910 20 3 2020 3 0 46 25069229
PUT 4643909 19 3 2020 1 0 46 25069229
PUT 4643908 18 3 2020 0 0 46 25069229
PUT 4643907 17 3 2020 1 0 46 25069229
PUT 4643906 16 3 2020 0 0 46 25069229
PUT 4643905 15 3 2020 3 0 46 25069229
PUT 4643902 12 3 2020 1 0 46 25069229
PUT 4743931 10 4 2020 64 1 47 4089400
PUT 4743930 9 4 2020 61 1 47 4089400
PUT 4743929 8 4 2020 60 2 47 4089400
PUT 4743928 7 4 2020 40 1 47 4089400
PUT 4743927 6 4 2020 56 3 47 4089400
PUT 4743926 5 4 2020 47 4 47 4089400
PUT 4743925 4 4 2020 68 1 47 4089400
PUT 4743924 3 4 2020 48 1 47 4089400
PUT 4743923 2 4 2020 96 0 47 4089400
PUT 4743922 1 4 2020 77 0 47 4089400
PUT 4743921 31 3 2020 77 0 47 4089400
PUT 4743920 30 3 2020 56 1 47 4089400
PUT 4743919 29 3 2020 71 2 47 4089400
PUT 4743918 28 3 2020 91 1 47 4089400
PUT 4743917 27 3 2020 77 1 47 4089400
PUT 4743916 26 3 2020 36 0 47 4089400
PUT 4743915 25 3 2020 76 1 47 4089400
PUT 4743914 24 3 2020 71 0 47 4089400
PUT 4743913 23 3 2020 29 0 47 4089400
PUT 4743912 22 3 2020 80 0 47 4089400
PUT 4743911 21 3 2020 22 0 47 4089400
PUT 4743910 20 3 2020 23 0 47 4089400
PUT 4743909 19 3 2020 12 0 47 4089400
PUT 4743908 18 3 2020 13 0 47 4089400
PUT 4743907 17 3 2020 8 0 47 4089400
PUT 4743906 16 3 2020 11 0 47 4089400
PUT 4743905 15 3 2020 6 0 47 4089400
PUT 4743904 14 3 2020 6 0 47 4089400
PUT 4743903 13 3 2020 9 0 47 4089400
PUT 4743902 12 3 2020 3 0 47 4089400
PUT 4743901 11 3 2020 1 0 47 4089400
PUT 4743898 8 3 2020 1 0 47 4089400
PUT 4743897 7 3 2020 1 0 47 4089400
PUT 4743896 6 3 2020 1 0 47 4089400
PUT 4743894 4 3 2020 1 0 47 4089400
PUT 4743893 3 3 2020 1 0 47 4089400
PUT 4743892 2 3 2020 2 0 47 4089400
PUT 4743891 1 3 2020 0 0 47 4089400
PUT 4743890 29 2 2020 2 0 47 4089400
PUT 4743889 28 2 2020 1 0 47 4089400
PUT 4743888 27 2 2020 1 0 47 4089400
PUT 4743887 26 2 2020 1 0 47 4089400
PUT 4743886 25 2 2020 0 0 47 4089400
PUT 4743885 24 2 2020 0 0 47 4089400
PUT 4743884 23 2 2020 0 0 47 4089400
PUT 4743883 22 2 2020 0 0 47 4089400
PUT 4743882 21 2 2020 0 0 47 4089400
PUT 4743881 20 2 2020 0 0 47 4089400
PUT 4743880 19 2 2020 0 0 47 4089400
PUT 4743879 18 2 2020 0 0 47 4089400
PUT 4743878 17 2 2020 0 0 47 4089400
PUT 4743877 16 2 2020 0 0 47 4089400
PUT 4743876 15 2 2020 0 0 47 4089400
PUT 4743875 14 2 2020 0 0 47 4089400
PUT 4743874 13 2 2020 0 0 47 4089400
PUT 4743873 12 2 2020 0 0 47 4089400
PUT 4743872 11 2 2020 0 0 47 4089400
PUT 4743871 10 2 2020 0 0 47 4089400
PUT 4743870 9 2 2020 0 0 47 4089400
PUT 4743869 8 2 2020 0 0 47 4089400
PUT 4743868 7 2 2020 0 0 47 4089400
PUT 4743867 6 2 2020 0 0 47 4089400
PUT 4743866 5 2 2020 0 0 47 4089400
PUT 4743865 4 2 2020 0 0 47 4089400
PUT 4743864 3 2 2020 0 0 47 4089400
PUT 4743863 2 2 2020 0 0 47 4089400
PUT 4743862 1 2 2020 0 0 47 4089400
PUT 4743861 31 1 2020 0 0 47 4089400
PUT 4743860 30 1 2020 0 0 47 4089400
PUT 4743859 29 1 2020 0 0 47 4089400
PUT 4743858 28 1 2020 0 0 47 4089400
PUT 4743857 27 1 2020 0 0 47 4089400
PUT 4743856 26 1 2020 0 0 47 4089400
PUT 4743855 25 1 2020 0 0 47 4089400
PUT 4743854 24 1 2020 0 0 47 4089400
PUT 4743853 23 1 2020 0 0 47 4089400
PUT 4743852 22 1 2020 0 0 47 4089400
PUT 4743851 21 1 2020 0 0 47 4089400
PUT 4743850 20 1 2020 0 0 47 4089400
PUT 4743849 19 1 2020 0 0 47 4089400
PUT 4743848 18 1 2020 0 0 47 4089400
PUT 4743847 17 1 2020 0 0 47 4089400
PUT 4743846 16 1 2020 0 0 47 4089400
PUT 4743845 15 1 2020 0 0 47 4089400
PUT 4743844 14 1 2020 0 0 47 4089400
PUT 4743843 13 1 2020 0 0 47 4089400
PUT 4743842 12 1 2020 0 0 47 4089400
PUT 4743841 11 1 2020 0 0 47 4089400
PUT 4743840 10 1 2020 0 0 47 4089400
PUT 4743839 9 1 2020 0 0 47 4089400
PUT 4743838 8 1 2020 0 0 47 4089400
PUT 4743837 7 1 2020 0 0 47 4089400
PUT 4743836 6 1 2020 0 0 47 4089400
PUT 4743835 5 1 2020 0 0 47 4089400
PUT 4743834 4 1 2020 0 0 47 4089400
PUT 4743833 3 1 2020 0 0 47 4089400
PUT 4743832 2 1 2020 0 0 47 4089400
PUT 4743831 1 1 2020 0 0 47 4089400
PUT 4743830 31 12 2019 0 0 47 4089400
PUT 4843931 10 4 2020 58 3 48 11338138
PUT 4843930 9 4 2020 61 1 48 11338138
PUT 4843929 8 4 2020 46 2 48 11338138
PUT 4843928 7 4 2020 30 1 48 11338138
PUT 4843927 6 4 2020 32 2 48 11338138
PUT 4843926 5 4 2020 19 0 48 11338138
PUT 4843925 4 4 2020 36 0 48 11338138
PUT 4843924 3 4 2020 21 0 48 11338138
PUT 4843923 2 4 2020 26 0 48 11338138
PUT 4843922 1 4 2020 16 2 48 11338138
PUT 4843921 31 3 2020 31 1 48 11338138
PUT 4843920 30 3 2020 20 0 48 11338138
PUT 4843919 29 3 2020 39 1 48 11338138
PUT 4843918 28 3 2020 13 0 48 11338138
PUT 4843917 27 3 2020 10 1 48 11338138
PUT 4843916 26 3 2020 9 0 48 11338138
PUT 4843915 25 3 2020 8 0 48 11338138
PUT 4843914 24 3 2020 5 0 48 11338138
PUT 4843913 23 3 2020 10 0 48 11338138
PUT 4843912 22 3 2020 4 0 48 11338138
PUT 4843911 21 3 2020 5 0 48 11338138
PUT 4843910 20 3 2020 5 0 48 11338138
PUT 4843909 19 3 2020 4 1 48 11338138
PUT 4843908 18 3 2020 3 0 48 11338138
PUT 4843905 15 3 2020 0 0 48 11338138
PUT 4843904 14 3 2020 1 0 48 11338138
PUT 4843902 12 3 2020 3 0 48 11338138
PUT 4943931 10 4 2020 0 0 49 159849
PUT 4943930 9 4 2020 1 0 49 159849
PUT 4943929 8 4 2020 0 0 49 159849
PUT 4943928 7 4 2020 2 0 49 159849
PUT 4943927 6 4 2020 0 0 49 159849
PUT 4943926 5 4 2020 0 0 49 159849
PUT 4943925 4 4 2020 0 0 49 159849
PUT 4943924 3 4 2020 0 0 49 159849
PUT 4943923 2 4 2020 0 0 49 159849
PUT 4943922 1 4 2020 2 0 49 159849
PUT 4943920 30 3 2020 1 0 49 159849
PUT 4943919 29 3 2020 0 0 49 159849
PUT 4943918 28 3 2020 1 0 49 159849
PUT 4943917 27 3 2020 1 0 49 159849
PUT 4943916 26 3 2020 0 1 49 159849
PUT 4943914 24 3 2020 3 0 49 159849
PUT 4943910 20 3 2020 2 0 49 159849
PUT 4943903 13 3 2020 1 0 49 159849
PUT 5043931 10 4 2020 38 1 50 1189265
PUT 5043930 9 4 2020 32 0 50 1189265
PUT 5043929 8 4 2020 29 0 50 1189265
PUT 5043928 7 4 2020 19 0 50 1189265
PUT 5043927 6 4 2020 20 3 50 1189265
PUT 5043926 5 4 2020 30 0 50 1189265
PUT 5043925 4 4 2020 40 2 50 1189265
PUT 5043924 3 4 2020 36 0 50 1189265
PUT 5043923 2 4 2020 58 1 50 1189265
PUT 5043922 1 4 2020 32 1 50 1189265
PUT 5043921 31 3 2020 16 1 50 1189265
PUT 5043920 30 3 2020 35 1 50 1189265
PUT 5043919 29 3 2020 17 0 50 1189265
PUT 5043918 28 3 2020 16 2 50 1189265
PUT 5043917 27 3 2020 14 0 50 1189265
PUT 5043916 26 3 2020 8 0 50 1189265
PUT 5043915 25 3 2020 8 3 50 1189265
PUT 5043914 24 3 2020 21 0 50 1189265
PUT 5043913 23 3 2020 11 0 50 1189265
PUT 5043912 22 3 2020 17 0 50 1189265
PUT 5043911 21 3 2020 9 0 50 1189265
PUT 5043910 20 3 2020 0 0 50 1189265
PUT 5043909 19 3 2020 18 0 50 1189265
PUT 5043908 18 3 2020 0 0 50 1189265
PUT 5043907 17 3 2020 10 0 50 1189265
PUT 5043906 16 3 2020 9 0 50 1189265
PUT 5043905 15 3 2020 7 0 50 1189265
PUT 5043904 14 3 2020 8 0 50 1189265
PUT 5043902 12 3 2020 4 0 50 1189265
PUT 5043900 10 3 2020 2 0 50 1189265
PUT 5143931 10 4 2020 257 13 51 0
PUT 5143930 9 4 2020 295 11 51 0
PUT 5143929 8 4 2020 195 10 51 0
PUT 5143928 7 4 2020 235 11 51 0
PUT 5143927 6 4 2020 115 8 51 0
PUT 5143926 5 4 2020 282 6 51 0
PUT 5143925 4 4 2020 332 9 51 0
PUT 5143924 3 4 2020 269 5 51 0
PUT 5143923 2 4 2020 281 8 51 0
PUT 5143922 1 4 2020 306 7 51 0
SAVE
LOOK_UP 5143922